Trade #,Type,Date and time,Price,Qty,Net PnL,Net PnL %,MFE,MAE,Cumulative PnL
1124,Exit long,2026-05-04 15:00,2365.090000,2,51.500000,1.1000,51.500000,0.000000,51.500000
1124,Entry long,2026-05-04 14:15,2339.340000,2,0.000000,0.0000,0.000000,0.000000,0.000000
1123,Exit short,2026-05-04 14:15,2339.340000,1,23.420000,0.9900,49.710000,7.060000,-2620.510000
1123,Entry short,2026-05-04 08:15,2362.760000,1,23.420000,0.9900,49.710000,7.060000,-2620.510000
1122,Exit long,2026-05-04 00:15,2316.970000,14,-110.320000,-0.3400,446.600000,164.360000,-2643.930000
1122,Entry long,2026-05-03 14:15,2324.850000,14,-110.320000,-0.3400,446.600000,164.360000,-2643.930000
1121,Exit short,2026-05-03 14:15,2324.850000,13,-196.430000,-0.6500,45.370000,291.590000,-2533.610000
1121,Entry short,2026-05-03 08:15,2309.740000,13,-196.430000,-0.6500,45.370000,291.590000,-2533.610000
1120,Exit long,2026-05-03 08:15,2309.740000,12,60.000000,0.2200,447.120000,104.760000,-2337.180000
1120,Entry long,2026-05-02 14:15,2304.740000,12,60.000000,0.2200,447.120000,104.760000,-2337.180000
1119,Exit short,2026-05-02 14:15,2304.740000,11,-48.840000,-0.1900,13.860000,118.690000,-2397.180000
1119,Entry short,2026-05-02 08:15,2300.300000,11,-48.840000,-0.1900,13.860000,118.690000,-2397.180000
1118,Exit long,2026-05-02 08:15,2300.300000,10,-173.100000,-0.7500,19.400000,396.100000,-2348.340000
1118,Entry long,2026-05-01 14:15,2317.610000,10,-173.100000,-0.7500,19.400000,396.100000,-2348.340000
1117,Exit short,2026-05-01 14:15,2317.610000,9,-313.380000,-1.5300,63.990000,376.650000,-2175.240000
1117,Entry short,2026-05-01 08:15,2282.790000,9,-313.380000,-1.5300,63.990000,376.650000,-2175.240000
1116,Exit long,2026-05-01 08:15,2282.790000,8,177.280000,0.9800,274.880000,125.360000,-1861.860000
1116,Entry long,2026-04-30 14:15,2260.630000,8,177.280000,0.9800,274.880000,125.360000,-1861.860000
1115,Exit short,2026-04-30 14:15,2260.630000,7,-14.840000,-0.0900,53.480000,101.430000,-2039.140000
1115,Entry short,2026-04-30 08:15,2258.510000,7,-14.840000,-0.0900,53.480000,101.430000,-2039.140000
1114,Exit long,2026-04-30 08:15,2258.510000,6,-224.460000,-1.6300,66.720000,462.540000,-2024.300000
1114,Entry long,2026-04-29 14:15,2295.920000,6,-224.460000,-1.6300,66.720000,462.540000,-2024.300000
1113,Exit short,2026-04-29 14:15,2295.920000,5,137.100000,1.1800,176.350000,115.700000,-1799.840000
1113,Entry short,2026-04-29 08:15,2323.340000,5,137.100000,1.1800,176.350000,115.700000,-1799.840000
1112,Exit long,2026-04-29 08:15,2323.340000,4,207.240000,2.2800,282.480000,49.680000,-1936.940000
1112,Entry long,2026-04-28 14:15,2271.530000,4,207.240000,2.2800,282.480000,49.680000,-1936.940000
1111,Exit short,2026-04-28 14:15,2271.530000,3,41.040000,0.6000,87.540000,15.330000,-2144.180000
1111,Entry short,2026-04-28 08:15,2285.210000,3,41.040000,0.6000,87.540000,15.330000,-2144.180000
1110,Exit long,2026-04-28 08:15,2285.210000,2,-56.060000,-1.2100,30.960000,98.720000,-2185.220000
1110,Entry long,2026-04-27 14:15,2313.240000,2,-56.060000,-1.2100,30.960000,98.720000,-2185.220000
1109,Exit short,2026-04-27 14:15,2313.240000,1,1.760000,0.0800,13.890000,9.290000,-2129.160000
1109,Entry short,2026-04-27 08:15,2315.000000,1,1.760000,0.0800,13.890000,9.290000,-2129.160000
1108,Exit long,2026-04-27 00:15,2365.520000,14,436.100000,1.3300,638.680000,15.540000,-2130.920000
1108,Entry long,2026-04-26 14:15,2334.370000,14,436.100000,1.3300,638.680000,15.540000,-2130.920000
1107,Exit short,2026-04-26 14:15,2334.370000,13,-33.150000,-0.1100,128.050000,67.210000,-2567.020000
1107,Entry short,2026-04-26 08:15,2331.820000,13,-33.150000,-0.1100,128.050000,67.210000,-2567.020000
1106,Exit long,2026-04-26 08:15,2331.820000,12,178.320000,0.6400,236.040000,215.760000,-2533.870000
1106,Entry long,2026-04-25 14:15,2316.960000,12,178.320000,0.6400,236.040000,215.760000,-2533.870000
1105,Exit short,2026-04-25 14:15,2316.960000,11,-3.960000,-0.0200,77.990000,61.820000,-2712.190000
1105,Entry short,2026-04-25 08:15,2316.600000,11,-3.960000,-0.0200,77.990000,61.820000,-2712.190000
1104,Exit long,2026-04-25 08:15,2316.600000,10,70.700000,0.3100,192.600000,95.300000,-2708.230000
1104,Entry long,2026-04-24 14:15,2309.530000,10,70.700000,0.3100,192.600000,95.300000,-2708.230000
1103,Exit short,2026-04-24 14:15,2309.530000,9,-1.260000,-0.0100,69.570000,194.490000,-2778.930000
1103,Entry short,2026-04-24 08:15,2309.390000,9,-1.260000,-0.0100,69.570000,194.490000,-2778.930000
1102,Exit long,2026-04-24 08:15,2309.390000,8,-74.160000,-0.4000,197.600000,282.800000,-2777.670000
1102,Entry long,2026-04-23 14:15,2318.660000,8,-74.160000,-0.4000,197.600000,282.800000,-2777.670000
1101,Exit short,2026-04-23 14:15,2318.660000,7,161.980000,0.9900,265.300000,13.440000,-2703.510000
1101,Entry short,2026-04-23 08:15,2341.800000,7,161.980000,0.9900,265.300000,13.440000,-2703.510000
1100,Exit long,2026-04-23 08:15,2341.800000,6,-480.240000,-3.3000,2.460000,551.040000,-2865.490000
1100,Entry long,2026-04-22 14:15,2421.840000,6,-480.240000,-3.3000,2.460000,551.040000,-2865.490000
1099,Exit short,2026-04-22 14:15,2421.840000,5,-159.200000,-1.3300,39.250000,165.000000,-2385.250000
1099,Entry short,2026-04-22 08:15,2390.000000,5,-159.200000,-1.3300,39.250000,165.000000,-2385.250000
1098,Exit long,2026-04-22 08:15,2390.000000,4,340.000000,3.6900,437.400000,96.720000,-2226.050000
1098,Entry long,2026-04-21 14:15,2305.000000,4,340.000000,3.6900,437.400000,96.720000,-2226.050000
1097,Exit short,2026-04-21 14:15,2305.000000,3,29.490000,0.4200,66.870000,69.480000,-2566.050000
1097,Entry short,2026-04-21 08:15,2314.830000,3,29.490000,0.4200,66.870000,69.480000,-2566.050000
1096,Exit long,2026-04-21 08:15,2314.830000,2,31.800000,0.6900,95.820000,44.440000,-2595.540000
1096,Entry long,2026-04-20 14:15,2298.930000,2,31.800000,0.6900,95.820000,44.440000,-2595.540000
1095,Exit short,2026-04-20 14:15,2298.930000,1,-0.690000,-0.0300,10.110000,27.760000,-2627.340000
1095,Entry short,2026-04-20 08:15,2298.240000,1,-0.690000,-0.0300,10.110000,27.760000,-2627.340000
1094,Exit long,2026-04-20 00:15,2267.800000,14,-866.460000,-2.6600,167.580000,1102.920000,-2626.650000
1094,Entry long,2026-04-19 14:15,2329.690000,14,-866.460000,-2.6600,167.580000,1102.920000,-2626.650000
1093,Exit short,2026-04-19 14:15,2329.690000,13,-191.100000,-0.6300,139.880000,441.090000,-1760.190000
1093,Entry short,2026-04-19 08:15,2314.990000,13,-191.100000,-0.6300,139.880000,441.090000,-1760.190000
1092,Exit long,2026-04-19 08:15,2314.990000,12,-480.120000,-1.7000,229.800000,764.520000,-1569.090000
1092,Entry long,2026-04-18 14:15,2355.000000,12,-480.120000,-1.7000,229.800000,764.520000,-1569.090000
1091,Exit short,2026-04-18 14:15,2355.000000,11,465.960000,1.7700,614.240000,0.110000,-1088.970000
1091,Entry short,2026-04-18 08:15,2397.360000,11,465.960000,1.7700,614.240000,0.110000,-1088.970000
1090,Exit long,2026-04-18 08:15,2397.360000,10,-319.600000,-1.3200,345.400000,323.200000,-1554.930000
1090,Entry long,2026-04-17 14:15,2429.320000,10,-319.600000,-1.3200,345.400000,323.200000,-1554.930000
1089,Exit short,2026-04-17 14:15,2429.320000,9,-845.460000,-4.0200,10.440000,1009.440000,-1235.330000
1089,Entry short,2026-04-17 08:15,2335.380000,9,-845.460000,-4.0200,10.440000,1009.440000,-1235.330000
1088,Exit long,2026-04-17 08:15,2335.380000,8,245.600000,1.3300,471.920000,175.840000,-389.870000
1088,Entry long,2026-04-16 14:15,2304.680000,8,245.600000,1.3300,471.920000,175.840000,-389.870000
1087,Exit short,2026-04-16 14:15,2304.680000,7,204.120000,1.2500,320.880000,127.120000,-635.470000
1087,Entry short,2026-04-16 08:15,2333.840000,7,204.120000,1.2500,320.880000,127.120000,-635.470000
1086,Exit long,2026-04-16 08:15,2333.840000,6,10.020000,0.0700,315.000000,77.640000,-839.590000
1086,Entry long,2026-04-15 14:15,2332.170000,6,10.020000,0.0700,315.000000,77.640000,-839.590000
1085,Exit short,2026-04-15 14:15,2332.170000,5,-68.250000,-0.5900,37.950000,107.400000,-849.610000
1085,Entry short,2026-04-15 08:15,2318.520000,5,-68.250000,-0.5900,37.950000,107.400000,-849.610000
1084,Exit long,2026-04-15 08:15,2318.520000,4,-253.480000,-2.6600,138.040000,321.160000,-781.360000
1084,Entry long,2026-04-14 14:15,2381.890000,4,-253.480000,-2.6600,138.040000,321.160000,-781.360000
1083,Exit short,2026-04-14 14:15,2381.890000,3,-16.590000,-0.2300,29.220000,56.820000,-527.880000
1083,Entry short,2026-04-14 08:15,2376.360000,3,-16.590000,-0.2300,29.220000,56.820000,-527.880000
1082,Exit long,2026-04-14 08:15,2376.360000,2,339.440000,7.6900,378.420000,17.180000,-511.290000
1082,Entry long,2026-04-13 14:15,2206.640000,2,339.440000,7.6900,378.420000,17.180000,-511.290000
1081,Exit short,2026-04-13 14:15,2206.640000,1,-23.890000,-1.0900,8.270000,34.520000,-850.730000
1081,Entry short,2026-04-13 08:15,2182.750000,1,-23.890000,-1.0900,8.270000,34.520000,-850.730000
1080,Exit long,2026-04-13 00:15,2194.890000,14,97.020000,0.3200,416.360000,209.440000,-826.840000
1080,Entry long,2026-04-12 14:15,2187.960000,14,97.020000,0.3200,416.360000,209.440000,-826.840000
1079,Exit short,2026-04-12 14:15,2187.960000,13,349.050000,1.2100,413.400000,41.210000,-923.860000
1079,Entry short,2026-04-12 08:15,2214.810000,13,349.050000,1.2100,413.400000,41.210000,-923.860000
1078,Exit long,2026-04-12 08:15,2214.810000,12,-313.440000,-1.1700,1068.720000,424.920000,-1272.910000
1078,Entry long,2026-04-11 14:15,2240.930000,12,-313.440000,-1.1700,1068.720000,424.920000,-1272.910000
1077,Exit short,2026-04-11 14:15,2240.930000,11,-89.100000,-0.3600,23.540000,169.950000,-959.470000
1077,Entry short,2026-04-11 08:15,2232.830000,11,-89.100000,-0.3600,23.540000,169.950000,-959.470000
1076,Exit long,2026-04-11 08:15,2232.830000,10,-1.600000,-0.0100,245.600000,138.900000,-870.370000
1076,Entry long,2026-04-10 14:15,2232.990000,10,-1.600000,-0.0100,245.600000,138.900000,-870.370000
1075,Exit short,2026-04-10 14:15,2232.990000,9,-475.020000,-2.4200,11.250000,502.920000,-868.770000
1075,Entry short,2026-04-10 08:15,2180.210000,9,-475.020000,-2.4200,11.250000,502.920000,-868.770000
1074,Exit long,2026-04-10 08:15,2180.210000,8,92.080000,0.5300,619.600000,101.600000,-393.750000
1074,Entry long,2026-04-09 14:15,2168.700000,8,92.080000,0.5300,619.600000,101.600000,-393.750000
1073,Exit short,2026-04-09 14:15,2168.700000,7,63.910000,0.4200,143.010000,130.900000,-485.830000
1073,Entry short,2026-04-09 08:15,2177.830000,7,63.910000,0.4200,143.010000,130.900000,-485.830000
1072,Exit long,2026-04-09 08:15,2177.830000,6,-317.520000,-2.3700,47.460000,424.500000,-549.740000
1072,Entry long,2026-04-08 14:15,2230.750000,6,-317.520000,-2.3700,47.460000,424.500000,-549.740000
1071,Exit short,2026-04-08 14:15,2230.750000,5,109.500000,0.9700,159.050000,85.000000,-232.220000
1071,Entry short,2026-04-08 08:15,2252.650000,5,109.500000,0.9700,159.050000,85.000000,-232.220000
1070,Exit long,2026-04-08 08:15,2252.650000,4,744.920000,9.0100,826.320000,19.560000,-341.720000
1070,Entry long,2026-04-07 14:15,2066.420000,4,744.920000,9.0100,826.320000,19.560000,-341.720000
1069,Exit short,2026-04-07 14:15,2066.420000,3,122.190000,1.9300,147.420000,77.430000,-1086.640000
1069,Entry short,2026-04-07 08:15,2107.150000,3,122.190000,1.9300,147.420000,77.430000,-1086.640000
1068,Exit long,2026-04-07 08:15,2107.150000,2,-68.580000,-1.6000,55.340000,110.300000,-1208.830000
1068,Entry long,2026-04-06 14:15,2141.440000,2,-68.580000,-1.6000,55.340000,110.300000,-1208.830000
1067,Exit short,2026-04-06 14:15,2141.440000,1,-5.310000,-0.2500,2.580000,38.280000,-1140.250000
1067,Entry short,2026-04-06 08:15,2136.130000,1,-5.310000,-0.2500,2.580000,38.280000,-1140.250000
1066,Exit long,2026-04-06 00:15,2118.730000,14,1166.060000,4.0900,1393.840000,33.180000,-1134.940000
1066,Entry long,2026-04-05 14:15,2035.440000,14,1166.060000,4.0900,1393.840000,33.180000,-1134.940000
1065,Exit short,2026-04-05 14:15,2035.440000,13,23.010000,0.0900,215.800000,190.060000,-2301.000000
1065,Entry short,2026-04-05 08:15,2037.210000,13,23.010000,0.0900,215.800000,190.060000,-2301.000000
1064,Exit long,2026-04-05 08:15,2037.210000,12,-181.320000,-0.7400,372.480000,312.000000,-2324.010000
1064,Entry long,2026-04-04 14:15,2052.320000,12,-181.320000,-0.7400,372.480000,312.000000,-2324.010000
1063,Exit short,2026-04-04 14:15,2052.320000,11,5.940000,0.0300,70.510000,18.040000,-2142.690000
1063,Entry short,2026-04-04 08:15,2052.860000,11,5.940000,0.0300,70.510000,18.040000,-2142.690000
1062,Exit long,2026-04-04 08:15,2052.860000,10,39.500000,0.1900,120.800000,65.100000,-2148.630000
1062,Entry long,2026-04-03 14:15,2048.910000,10,39.500000,0.1900,120.800000,65.100000,-2148.630000
1061,Exit short,2026-04-03 14:15,2048.910000,9,162.720000,0.8700,240.570000,153.270000,-2188.130000
1061,Entry short,2026-04-03 08:15,2066.990000,9,162.720000,0.8700,240.570000,153.270000,-2188.130000
1060,Exit long,2026-04-03 08:15,2066.990000,8,232.240000,1.4200,304.320000,17.360000,-2350.850000
1060,Entry long,2026-04-02 14:15,2037.960000,8,232.240000,1.4200,304.320000,17.360000,-2350.850000
1059,Exit short,2026-04-02 14:15,2037.960000,7,85.680000,0.6000,242.550000,10.500000,-2583.090000
1059,Entry short,2026-04-02 08:15,2050.200000,7,85.680000,0.6000,242.550000,10.500000,-2583.090000
1058,Exit long,2026-04-02 08:15,2050.200000,6,-423.600000,-3.3300,278.400000,501.420000,-2668.770000
1058,Entry long,2026-04-01 14:15,2120.800000,6,-423.600000,-3.3300,278.400000,501.420000,-2668.770000
1057,Exit short,2026-04-01 14:15,2120.800000,5,23.850000,0.2200,90.200000,119.000000,-2245.170000
1057,Entry short,2026-04-01 08:15,2125.570000,5,23.850000,0.2200,90.200000,119.000000,-2245.170000
1056,Exit long,2026-04-01 08:15,2125.570000,4,188.640000,2.2700,318.320000,168.440000,-2269.020000
1056,Entry long,2026-03-31 14:15,2078.410000,4,188.640000,2.2700,318.320000,168.440000,-2269.020000
1055,Exit short,2026-03-31 14:15,2078.410000,3,-76.320000,-1.2400,125.160000,99.090000,-2457.660000
1055,Entry short,2026-03-31 08:15,2052.970000,3,-76.320000,-1.2400,125.160000,99.090000,-2457.660000
1054,Exit long,2026-03-31 08:15,2052.970000,2,-28.280000,-0.6800,51.780000,109.940000,-2381.340000
1054,Entry long,2026-03-30 14:15,2067.110000,2,-28.280000,-0.6800,51.780000,109.940000,-2381.340000
1053,Exit short,2026-03-30 14:15,2067.110000,1,-4.940000,-0.2400,15.770000,24.820000,-2353.060000
1053,Entry short,2026-03-30 08:15,2062.170000,1,-4.940000,-0.2400,15.770000,24.820000,-2353.060000
1052,Exit long,2026-03-30 00:15,1982.560000,14,-162.120000,-0.5800,207.900000,806.400000,-2348.120000
1052,Entry long,2026-03-29 14:15,1994.140000,14,-162.120000,-0.5800,207.900000,806.400000,-2348.120000
1051,Exit short,2026-03-29 14:15,1994.140000,13,108.940000,0.4200,264.030000,62.010000,-2186.000000
1051,Entry short,2026-03-29 08:15,2002.520000,13,108.940000,0.4200,264.030000,62.010000,-2186.000000
1050,Exit long,2026-03-29 08:15,2002.520000,12,-235.560000,-0.9700,199.920000,407.880000,-2294.940000
1050,Entry long,2026-03-28 14:15,2022.150000,12,-235.560000,-0.9700,199.920000,407.880000,-2294.940000
1049,Exit short,2026-03-28 14:15,2022.150000,11,-191.840000,-0.8700,148.610000,491.150000,-2059.380000
1049,Entry short,2026-03-28 08:15,2004.710000,11,-191.840000,-0.8700,148.610000,491.150000,-2059.380000
1048,Exit long,2026-03-28 08:15,2004.710000,10,194.500000,0.9800,242.000000,148.600000,-1867.540000
1048,Entry long,2026-03-27 14:15,1985.260000,10,194.500000,0.9800,242.000000,148.600000,-1867.540000
1047,Exit short,2026-03-27 14:15,1985.260000,9,690.750000,3.7200,862.290000,10.980000,-2062.040000
1047,Entry short,2026-03-27 08:15,2062.010000,9,690.750000,3.7200,862.290000,10.980000,-2062.040000
1046,Exit long,2026-03-27 08:15,2062.010000,8,-134.960000,-0.8100,39.920000,365.280000,-2752.790000
1046,Entry long,2026-03-26 14:15,2078.880000,8,-134.960000,-0.8100,39.920000,365.280000,-2752.790000
1045,Exit short,2026-03-26 14:15,2078.880000,7,261.240000,1.7600,386.400000,32.830000,-2617.830000
1045,Entry short,2026-03-26 08:15,2116.200000,7,261.240000,1.7600,386.400000,32.830000,-2617.830000
1044,Exit long,2026-03-26 08:15,2116.200000,6,-370.740000,-2.8400,57.840000,403.620000,-2879.070000
1044,Entry long,2026-03-25 14:15,2177.990000,6,-370.740000,-2.8400,57.840000,403.620000,-2879.070000
1043,Exit short,2026-03-25 14:15,2177.990000,5,-71.250000,-0.6600,2.050000,181.850000,-2508.330000
1043,Entry short,2026-03-25 08:15,2163.740000,5,-71.250000,-0.6600,2.050000,181.850000,-2508.330000
1042,Exit long,2026-03-25 08:15,2163.740000,4,137.280000,1.6100,201.200000,109.680000,-2437.080000
1042,Entry long,2026-03-24 14:15,2129.420000,4,137.280000,1.6100,201.200000,109.680000,-2437.080000
1041,Exit short,2026-03-24 14:15,2129.420000,3,99.660000,1.5400,114.150000,36.210000,-2574.360000
1041,Entry short,2026-03-24 08:15,2162.640000,3,99.660000,1.5400,114.150000,36.210000,-2574.360000
1040,Exit long,2026-03-24 08:15,2162.640000,2,-35.480000,-0.8100,14.640000,128.760000,-2674.020000
1040,Entry long,2026-03-23 14:15,2180.380000,2,-35.480000,-0.8100,14.640000,128.760000,-2674.020000
1039,Exit short,2026-03-23 14:15,2180.380000,1,-124.570000,-6.0600,28.240000,143.190000,-2638.540000
1039,Entry short,2026-03-23 08:15,2055.810000,1,-124.570000,-6.0600,28.240000,143.190000,-2638.540000
1038,Exit long,2026-03-23 00:15,2056.230000,14,-305.060000,-1.0500,88.060000,754.740000,-2513.970000
1038,Entry long,2026-03-22 14:15,2078.020000,14,-305.060000,-1.0500,88.060000,754.740000,-2513.970000
1037,Exit short,2026-03-22 14:15,2078.020000,13,172.250000,0.6300,338.780000,70.980000,-2208.910000
1037,Entry short,2026-03-22 08:15,2091.270000,13,172.250000,0.6300,338.780000,70.980000,-2208.910000
1036,Exit long,2026-03-22 08:15,2091.270000,12,-871.440000,-3.3600,21.840000,1419.840000,-2381.160000
1036,Entry long,2026-03-21 14:15,2163.890000,12,-871.440000,-3.3600,21.840000,1419.840000,-2381.160000
1035,Exit short,2026-03-21 14:15,2163.890000,11,-97.900000,-0.4100,71.940000,143.110000,-1509.720000
1035,Entry short,2026-03-21 08:15,2154.990000,11,-97.900000,-0.4100,71.940000,143.110000,-1509.720000
1034,Exit long,2026-03-21 08:15,2154.990000,10,311.000000,1.4600,436.400000,76.100000,-1411.820000
1034,Entry long,2026-03-20 14:15,2123.890000,10,311.000000,1.4600,436.400000,76.100000,-1411.820000
1033,Exit short,2026-03-20 14:15,2123.890000,9,410.760000,2.1000,497.970000,2.880000,-1722.820000
1033,Entry short,2026-03-20 08:15,2169.530000,9,410.760000,2.1000,497.970000,2.880000,-1722.820000
1032,Exit long,2026-03-20 08:15,2169.530000,8,346.000000,2.0300,394.880000,226.080000,-2133.580000
1032,Entry long,2026-03-19 14:15,2126.280000,8,346.000000,2.0300,394.880000,226.080000,-2133.580000
1031,Exit short,2026-03-19 14:15,2126.280000,7,267.540000,1.7700,403.200000,192.430000,-2479.580000
1031,Entry short,2026-03-19 08:15,2164.500000,7,267.540000,1.7700,403.200000,192.430000,-2479.580000
1030,Exit long,2026-03-19 08:15,2164.500000,6,-345.240000,-2.5900,63.600000,481.500000,-2747.120000
1030,Entry long,2026-03-18 14:15,2222.040000,6,-345.240000,-2.5900,63.600000,481.500000,-2747.120000
1029,Exit short,2026-03-18 14:15,2222.040000,5,493.900000,4.2600,498.200000,60.800000,-2401.880000
1029,Entry short,2026-03-18 08:15,2320.820000,5,493.900000,4.2600,498.200000,60.800000,-2401.880000
1028,Exit long,2026-03-18 08:15,2320.820000,4,-40.120000,-0.4300,103.240000,111.400000,-2895.780000
1028,Entry long,2026-03-17 14:15,2330.850000,4,-40.120000,-0.4300,103.240000,111.400000,-2895.780000
1027,Exit short,2026-03-17 14:15,2330.850000,3,-28.560000,-0.4100,60.870000,71.580000,-2855.660000
1027,Entry short,2026-03-17 08:15,2321.330000,3,-28.560000,-0.4100,60.870000,71.580000,-2855.660000
1026,Exit long,2026-03-17 08:15,2321.330000,2,49.920000,1.0900,178.820000,85.720000,-2827.100000
1026,Entry long,2026-03-16 14:15,2296.370000,2,49.920000,1.0900,178.820000,85.720000,-2827.100000
1025,Exit short,2026-03-16 14:15,2296.370000,1,-46.800000,-2.0800,16.570000,58.430000,-2877.020000
1025,Entry short,2026-03-16 08:15,2249.570000,1,-46.800000,-2.0800,16.570000,58.430000,-2877.020000
1024,Exit long,2026-03-16 00:15,2173.680000,14,1112.860000,3.8000,1521.520000,121.380000,-2830.220000
1024,Entry long,2026-03-15 14:15,2094.190000,14,1112.860000,3.8000,1521.520000,121.380000,-2830.220000
1023,Exit short,2026-03-15 14:15,2094.190000,13,183.430000,0.6700,301.600000,194.350000,-3943.080000
1023,Entry short,2026-03-15 08:15,2108.300000,13,183.430000,0.6700,301.600000,194.350000,-3943.080000
1022,Exit long,2026-03-15 08:15,2108.300000,12,423.000000,1.7000,519.600000,65.640000,-4126.510000
1022,Entry long,2026-03-14 14:15,2073.050000,12,423.000000,1.7000,519.600000,65.640000,-4126.510000
1021,Exit short,2026-03-14 14:15,2073.050000,11,69.520000,0.3000,212.080000,9.350000,-4549.510000
1021,Entry short,2026-03-14 08:15,2079.370000,11,69.520000,0.3000,212.080000,9.350000,-4549.510000
1020,Exit long,2026-03-14 08:15,2079.370000,10,-1124.700000,-5.1300,176.500000,1247.100000,-4619.030000
1020,Entry long,2026-03-13 14:15,2191.840000,10,-1124.700000,-5.1300,176.500000,1247.100000,-4619.030000
1019,Exit short,2026-03-13 14:15,2191.840000,9,-885.600000,-4.7000,11.160000,1009.260000,-3494.330000
1019,Entry short,2026-03-13 08:15,2093.440000,9,-885.600000,-4.7000,11.160000,1009.260000,-3494.330000
1018,Exit long,2026-03-13 08:15,2093.440000,8,114.160000,0.6900,550.640000,343.920000,-2608.730000
1018,Entry long,2026-03-12 14:15,2079.170000,8,114.160000,0.6900,550.640000,343.920000,-2608.730000
1017,Exit short,2026-03-12 14:15,2079.170000,7,-283.640000,-1.9900,13.300000,303.450000,-2722.890000
1017,Entry short,2026-03-12 08:15,2038.650000,7,-283.640000,-1.9900,13.300000,303.450000,-2722.890000
1016,Exit long,2026-03-12 08:15,2038.650000,6,-65.160000,-0.5300,212.820000,200.040000,-2439.250000
1016,Entry long,2026-03-11 14:15,2049.510000,6,-65.160000,-0.5300,212.820000,200.040000,-2439.250000
1015,Exit short,2026-03-11 14:15,2049.510000,5,-188.300000,-1.8700,16.750000,349.150000,-2374.090000
1015,Entry short,2026-03-11 08:15,2011.850000,5,-188.300000,-1.8700,16.750000,349.150000,-2374.090000
1014,Exit long,2026-03-11 08:15,2011.850000,4,-7.840000,-0.1000,296.760000,31.640000,-2185.790000
1014,Entry long,2026-03-10 14:15,2013.810000,4,-7.840000,-0.1000,296.760000,31.640000,-2185.790000
1013,Exit short,2026-03-10 14:15,2013.810000,3,135.150000,2.1900,145.290000,45.420000,-2177.950000
1013,Entry short,2026-03-10 08:15,2058.860000,3,135.150000,2.1900,145.290000,45.420000,-2177.950000
1012,Exit long,2026-03-10 08:15,2058.860000,2,91.060000,2.2600,102.880000,50.300000,-2313.100000
1012,Entry long,2026-03-09 14:15,2013.330000,2,91.060000,2.2600,102.880000,50.300000,-2313.100000
1011,Exit short,2026-03-09 14:15,2013.330000,1,-27.660000,-1.3900,5.670000,44.320000,-2404.160000
1011,Entry short,2026-03-09 08:15,1985.670000,1,-27.660000,-1.3900,5.670000,44.320000,-2404.160000
1010,Exit long,2026-03-09 00:15,1945.640000,14,-1.260000,-0.0000,342.020000,547.400000,-2376.500000
1010,Entry long,2026-03-08 14:15,1945.730000,14,-1.260000,-0.0000,342.020000,547.400000,-2376.500000
1009,Exit short,2026-03-08 14:15,1945.730000,13,55.640000,0.2200,352.950000,377.260000,-2375.240000
1009,Entry short,2026-03-08 08:15,1950.010000,13,55.640000,0.2200,352.950000,377.260000,-2375.240000
1008,Exit long,2026-03-08 08:15,1950.010000,12,-283.200000,-1.2000,189.240000,552.360000,-2430.880000
1008,Entry long,2026-03-07 14:15,1973.610000,12,-283.200000,-1.2000,189.240000,552.360000,-2430.880000
1007,Exit short,2026-03-07 14:15,1973.610000,11,95.590000,0.4400,144.100000,126.830000,-2147.680000
1007,Entry short,2026-03-07 08:15,1982.300000,11,95.590000,0.4400,144.100000,126.830000,-2147.680000
1006,Exit long,2026-03-07 08:15,1982.300000,10,-233.500000,-1.1600,79.100000,514.000000,-2243.270000
1006,Entry long,2026-03-06 14:15,2005.650000,10,-233.500000,-1.1600,79.100000,514.000000,-2243.270000
1005,Exit short,2026-03-06 14:15,2005.650000,9,658.170000,3.5200,742.770000,25.470000,-2009.770000
1005,Entry short,2026-03-06 08:15,2078.780000,9,658.170000,3.5200,742.770000,25.470000,-2009.770000
1004,Exit long,2026-03-06 08:15,2078.780000,8,-338.800000,-2.0000,82.240000,542.640000,-2667.940000
1004,Entry long,2026-03-05 14:15,2121.130000,8,-338.800000,-2.0000,82.240000,542.640000,-2667.940000
1003,Exit short,2026-03-05 14:15,2121.130000,7,-172.480000,-1.1800,28.420000,465.570000,-2329.140000
1003,Entry short,2026-03-05 08:15,2096.490000,7,-172.480000,-1.1800,28.420000,465.570000,-2329.140000
1002,Exit long,2026-03-05 08:15,2096.490000,6,136.200000,1.0900,754.080000,59.880000,-2156.660000
1002,Entry long,2026-03-04 14:15,2073.790000,6,136.200000,1.0900,754.080000,59.880000,-2156.660000
1001,Exit short,2026-03-04 14:15,2073.790000,5,-322.950000,-3.2100,49.050000,419.000000,-2292.860000
1001,Entry short,2026-03-04 08:15,2009.200000,5,-322.950000,-3.2100,49.050000,419.000000,-2292.860000
1000,Exit long,2026-03-04 08:15,2009.200000,4,197.080000,2.5100,256.840000,134.440000,-1969.910000
1000,Entry long,2026-03-03 14:15,1959.930000,4,197.080000,2.5100,256.840000,134.440000,-1969.910000
999,Exit short,2026-03-03 14:15,1959.930000,3,73.710000,1.2400,139.470000,19.800000,-2166.990000
999,Entry short,2026-03-03 08:15,1984.500000,3,73.710000,1.2400,139.470000,19.800000,-2166.990000
998,Exit long,2026-03-03 08:15,1984.500000,2,107.580000,2.7900,316.580000,21.880000,-2240.700000
998,Entry long,2026-03-02 14:15,1930.710000,2,107.580000,2.7900,316.580000,21.880000,-2240.700000
997,Exit short,2026-03-02 14:15,1930.710000,1,4.660000,0.2400,15.120000,31.560000,-2348.280000
997,Entry short,2026-03-02 08:15,1935.370000,1,4.660000,0.2400,15.120000,31.560000,-2348.280000
996,Exit long,2026-03-02 00:15,1942.760000,14,-1011.360000,-3.5900,46.620000,1527.260000,-2352.940000
996,Entry long,2026-03-01 14:15,2015.000000,14,-1011.360000,-3.5900,46.620000,1527.260000,-2352.940000
995,Exit short,2026-03-01 14:15,2015.000000,13,-85.410000,-0.3300,534.170000,251.420000,-1341.580000
995,Entry short,2026-03-01 08:15,2008.430000,13,-85.410000,-0.3300,534.170000,251.420000,-1341.580000
994,Exit long,2026-03-01 08:15,2008.430000,12,1329.240000,5.8400,1884.120000,310.080000,-1256.170000
994,Entry long,2026-02-28 14:15,1897.660000,12,1329.240000,5.8400,1884.120000,310.080000,-1256.170000
993,Exit short,2026-02-28 14:15,1897.660000,11,-458.920000,-2.2500,140.250000,649.550000,-2585.410000
993,Entry short,2026-02-28 08:15,1855.940000,11,-458.920000,-2.2500,140.250000,649.550000,-2585.410000
992,Exit long,2026-02-28 08:15,1855.940000,10,-1044.500000,-5.3300,0.000000,1263.300000,-2126.490000
992,Entry long,2026-02-27 14:15,1960.390000,10,-1044.500000,-5.3300,0.000000,1263.300000,-2126.490000
991,Exit short,2026-02-27 14:15,1960.390000,9,696.150000,3.8000,915.660000,34.380000,-1081.990000
991,Entry short,2026-02-27 08:15,2037.740000,9,696.150000,3.8000,915.660000,34.380000,-1081.990000
990,Exit long,2026-02-27 08:15,2037.740000,8,-221.200000,-1.3400,96.080000,735.200000,-1778.140000
990,Entry long,2026-02-26 14:15,2065.390000,8,-221.200000,-1.3400,96.080000,735.200000,-1778.140000
989,Exit short,2026-02-26 14:15,2065.390000,7,-98.420000,-0.6900,55.020000,219.240000,-1556.940000
989,Entry short,2026-02-26 08:15,2051.330000,7,-98.420000,-0.6900,55.020000,219.240000,-1556.940000
988,Exit long,2026-02-26 08:15,2051.330000,6,498.420000,4.2200,1090.140000,44.760000,-1458.520000
988,Entry long,2026-02-25 14:15,1968.260000,6,498.420000,4.2200,1090.140000,44.760000,-1458.520000
987,Exit short,2026-02-25 14:15,1968.260000,5,-389.900000,-4.1300,3.300000,433.750000,-1956.940000
987,Entry short,2026-02-25 08:15,1890.280000,5,-389.900000,-4.1300,3.300000,433.750000,-1956.940000
986,Exit long,2026-02-25 08:15,1890.280000,4,304.640000,4.2000,526.320000,48.320000,-1567.040000
986,Entry long,2026-02-24 14:15,1814.120000,4,304.640000,4.2000,526.320000,48.320000,-1567.040000
985,Exit short,2026-02-24 14:15,1814.120000,3,29.970000,0.5500,84.330000,34.320000,-1871.680000
985,Entry short,2026-02-24 08:15,1824.110000,3,29.970000,0.5500,84.330000,34.320000,-1871.680000
984,Exit long,2026-02-24 08:15,1824.110000,2,-200.960000,-5.2200,0.000000,228.260000,-1901.650000
984,Entry long,2026-02-23 14:15,1924.590000,2,-200.960000,-5.2200,0.000000,228.260000,-1901.650000
983,Exit short,2026-02-23 14:15,1924.590000,1,-37.590000,-1.9900,11.400000,48.270000,-1700.690000
983,Entry short,2026-02-23 08:15,1887.000000,1,-37.590000,-1.9900,11.400000,48.270000,-1700.690000
982,Exit long,2026-02-23 00:15,1953.690000,14,48.580000,0.1800,136.920000,241.080000,-1663.100000
982,Entry long,2026-02-22 14:15,1950.220000,14,48.580000,0.1800,136.920000,241.080000,-1663.100000
981,Exit short,2026-02-22 14:15,1950.220000,13,333.060000,1.3000,436.800000,88.790000,-1711.680000
981,Entry short,2026-02-22 08:15,1975.840000,13,333.060000,1.3000,436.800000,88.790000,-1711.680000
980,Exit long,2026-02-22 08:15,1975.840000,12,-57.000000,-0.2400,192.600000,173.880000,-2044.740000
980,Entry long,2026-02-21 14:15,1980.590000,12,-57.000000,-0.2400,192.600000,173.880000,-2044.740000
979,Exit short,2026-02-21 14:15,1980.590000,11,-183.810000,-0.8500,11.220000,267.520000,-1987.740000
979,Entry short,2026-02-21 08:15,1963.880000,11,-183.810000,-0.8500,11.220000,267.520000,-1987.740000
978,Exit long,2026-02-21 08:15,1963.880000,10,291.500000,1.5100,460.000000,20.800000,-1803.930000
978,Entry long,2026-02-20 14:15,1934.730000,10,291.500000,1.5100,460.000000,20.800000,-1803.930000
977,Exit short,2026-02-20 14:15,1934.730000,9,235.260000,1.3300,354.060000,109.080000,-2095.430000
977,Entry short,2026-02-20 08:15,1960.870000,9,235.260000,1.3300,354.060000,109.080000,-2095.430000
976,Exit long,2026-02-20 08:15,1960.870000,8,254.160000,1.6500,310.880000,188.800000,-2330.690000
976,Entry long,2026-02-19 14:15,1929.100000,8,254.160000,1.6500,310.880000,188.800000,-2330.690000
975,Exit short,2026-02-19 14:15,1929.100000,7,330.820000,2.3900,464.520000,22.820000,-2584.850000
975,Entry short,2026-02-19 08:15,1976.360000,7,330.820000,2.3900,464.520000,22.820000,-2584.850000
974,Exit long,2026-02-19 08:15,1976.360000,6,31.380000,0.2700,232.020000,296.940000,-2915.670000
974,Entry long,2026-02-18 14:15,1971.130000,6,31.380000,0.2700,232.020000,296.940000,-2915.670000
973,Exit short,2026-02-18 14:15,1971.130000,5,233.500000,2.3100,291.200000,102.200000,-2947.050000
973,Entry short,2026-02-18 08:15,2017.830000,5,233.500000,2.3100,291.200000,102.200000,-2947.050000
972,Exit long,2026-02-18 08:15,2017.830000,4,98.800000,1.2400,115.480000,212.480000,-3180.550000
972,Entry long,2026-02-17 14:15,1993.130000,4,98.800000,1.2400,115.480000,212.480000,-3180.550000
971,Exit short,2026-02-17 14:15,1993.130000,3,-16.680000,-0.2800,82.140000,47.580000,-3279.350000
971,Entry short,2026-02-17 08:15,1987.570000,3,-16.680000,-0.2800,82.140000,47.580000,-3279.350000
970,Exit long,2026-02-17 08:15,1987.570000,2,41.300000,1.0500,83.440000,63.060000,-3262.670000
970,Entry long,2026-02-16 14:15,1966.920000,2,41.300000,1.0500,83.440000,63.060000,-3262.670000
969,Exit short,2026-02-16 14:15,1966.920000,1,1.940000,0.1000,12.810000,54.440000,-3303.970000
969,Entry short,2026-02-16 08:15,1968.860000,1,1.940000,0.1000,12.810000,54.440000,-3303.970000
968,Exit long,2026-02-16 00:15,1972.370000,14,-340.060000,-1.2200,244.860000,977.620000,-3305.910000
968,Entry long,2026-02-15 14:15,1996.660000,14,-340.060000,-1.2200,244.860000,977.620000,-3305.910000
967,Exit short,2026-02-15 14:15,1996.660000,13,1135.550000,4.1900,1196.130000,61.360000,-2965.850000
967,Entry short,2026-02-15 08:15,2084.010000,13,1135.550000,4.1900,1196.130000,61.360000,-2965.850000
966,Exit long,2026-02-15 08:15,2084.010000,12,138.960000,0.5600,363.600000,456.960000,-4101.400000
966,Entry long,2026-02-14 14:15,2072.430000,12,138.960000,0.5600,363.600000,456.960000,-4101.400000
965,Exit short,2026-02-14 14:15,2072.430000,11,-11.330000,-0.0500,90.640000,391.820000,-4240.360000
965,Entry short,2026-02-14 08:15,2071.400000,11,-11.330000,-0.0500,90.640000,391.820000,-4240.360000
964,Exit long,2026-02-14 08:15,2071.400000,10,1083.200000,5.5200,1287.400000,2.600000,-4229.030000
964,Entry long,2026-02-13 14:15,1963.080000,10,1083.200000,5.5200,1287.400000,2.600000,-4229.030000
963,Exit short,2026-02-13 14:15,1963.080000,9,-228.240000,-1.3100,17.820000,383.490000,-5312.230000
963,Entry short,2026-02-13 08:15,1937.720000,9,-228.240000,-1.3100,17.820000,383.490000,-5312.230000
962,Exit long,2026-02-13 08:15,1937.720000,8,-368.240000,-2.3200,85.360000,719.840000,-5083.990000
962,Entry long,2026-02-12 14:15,1983.750000,8,-368.240000,-2.3200,85.360000,719.840000,-5083.990000
961,Exit short,2026-02-12 14:15,1983.750000,7,-103.250000,-0.7500,89.670000,223.300000,-4715.750000
961,Entry short,2026-02-12 08:15,1969.000000,7,-103.250000,-0.7500,89.670000,223.300000,-4715.750000
960,Exit long,2026-02-12 08:15,1969.000000,6,-203.040000,-1.6900,18.900000,609.720000,-4612.500000
960,Entry long,2026-02-11 14:15,2002.840000,6,-203.040000,-1.6900,18.900000,609.720000,-4612.500000
959,Exit short,2026-02-11 14:15,2002.840000,5,-298.650000,-3.0700,63.600000,361.600000,-4409.460000
959,Entry short,2026-02-11 08:15,1943.110000,5,-298.650000,-3.0700,63.600000,361.600000,-4409.460000
958,Exit long,2026-02-11 08:15,1943.110000,4,-310.880000,-3.8500,101.080000,346.880000,-4110.810000
958,Entry long,2026-02-10 14:15,2020.830000,4,-310.880000,-3.8500,101.080000,346.880000,-4110.810000
957,Exit short,2026-02-10 14:15,2020.830000,3,-53.070000,-0.8800,30.120000,77.580000,-3799.930000
957,Entry short,2026-02-10 08:15,2003.140000,3,-53.070000,-0.8800,30.120000,77.580000,-3799.930000
956,Exit long,2026-02-10 08:15,2003.140000,2,-21.100000,-0.5200,268.620000,35.260000,-3746.860000
956,Entry long,2026-02-09 14:15,2013.690000,2,-21.100000,-0.5200,268.620000,35.260000,-3746.860000
955,Exit short,2026-02-09 14:15,2013.690000,1,52.260000,2.5300,57.950000,1.460000,-3725.760000
955,Entry short,2026-02-09 08:15,2065.950000,1,52.260000,2.5300,57.950000,1.460000,-3725.760000
954,Exit long,2026-02-09 00:15,2092.760000,14,-372.120000,-1.2500,457.240000,684.320000,-3778.020000
954,Entry long,2026-02-08 14:15,2119.340000,14,-372.120000,-1.2500,457.240000,684.320000,-3778.020000
953,Exit short,2026-02-08 14:15,2119.340000,13,-512.720000,-1.9000,37.570000,837.850000,-3405.900000
953,Entry short,2026-02-08 08:15,2079.900000,13,-512.720000,-1.9000,37.570000,837.850000,-3405.900000
952,Exit long,2026-02-08 08:15,2079.900000,12,447.360000,1.8300,988.560000,413.280000,-2893.180000
952,Entry long,2026-02-07 14:15,2042.620000,12,447.360000,1.8300,988.560000,413.280000,-2893.180000
951,Exit short,2026-02-07 14:15,2042.620000,11,-217.140000,-0.9800,267.960000,580.030000,-3340.540000
951,Entry short,2026-02-07 08:15,2022.880000,11,-217.140000,-0.9800,267.960000,580.030000,-3340.540000
950,Exit long,2026-02-07 08:15,2022.880000,10,790.700000,4.0700,1750.600000,118.100000,-3123.400000
950,Entry long,2026-02-06 14:15,1943.810000,10,790.700000,4.0700,1750.600000,118.100000,-3123.400000
949,Exit short,2026-02-06 14:15,1943.810000,9,-385.560000,-2.2500,321.570000,547.830000,-3914.100000
949,Entry short,2026-02-06 08:15,1900.970000,9,-385.560000,-2.2500,321.570000,547.830000,-3914.100000
948,Exit long,2026-02-06 08:15,1900.970000,8,-1309.840000,-7.9300,341.120000,2629.440000,-3528.540000
948,Entry long,2026-02-05 14:15,2064.700000,8,-1309.840000,-7.9300,341.120000,2629.440000,-3528.540000
947,Exit short,2026-02-05 14:15,2064.700000,7,263.830000,1.7900,442.750000,328.930000,-2218.700000
947,Entry short,2026-02-05 08:15,2102.390000,7,263.830000,1.7900,442.750000,328.930000,-2218.700000
946,Exit long,2026-02-05 08:15,2102.390000,6,-601.740000,-4.5500,137.640000,848.760000,-2482.530000
946,Entry long,2026-02-04 14:15,2202.680000,6,-601.740000,-4.5500,137.640000,848.760000,-2482.530000
945,Exit short,2026-02-04 14:15,2202.680000,5,383.600000,3.3700,444.500000,29.450000,-1880.790000
945,Entry short,2026-02-04 08:15,2279.400000,5,383.600000,3.3700,444.500000,29.450000,-1880.790000
944,Exit long,2026-02-04 08:15,2279.400000,4,-125.680000,-1.3600,172.600000,829.680000,-2264.390000
944,Entry long,2026-02-03 14:15,2310.820000,4,-125.680000,-1.3600,172.600000,829.680000,-2264.390000
943,Exit short,2026-02-03 14:15,2310.820000,3,1.020000,0.0100,154.170000,62.100000,-2138.710000
943,Entry short,2026-02-03 08:15,2311.160000,3,1.020000,0.0100,154.170000,62.100000,-2138.710000
942,Exit long,2026-02-03 08:15,2311.160000,2,11.220000,0.2400,179.700000,47.080000,-2139.730000
942,Entry long,2026-02-02 14:15,2305.550000,2,11.220000,0.2400,179.700000,47.080000,-2139.730000
941,Exit short,2026-02-02 14:15,2305.550000,1,-63.250000,-2.8200,6.870000,92.380000,-2150.950000
941,Entry short,2026-02-02 08:15,2242.300000,1,-63.250000,-2.8200,6.870000,92.380000,-2150.950000
940,Exit long,2026-02-02 00:15,2289.330000,14,-1210.580000,-3.6400,156.800000,2209.200000,-2087.700000
940,Entry long,2026-02-01 14:15,2375.800000,14,-1210.580000,-3.6400,156.800000,2209.200000,-2087.700000
939,Exit short,2026-02-01 14:15,2375.800000,13,460.850000,1.4700,564.460000,347.100000,-877.120000
939,Entry short,2026-02-01 08:15,2411.250000,13,460.850000,1.4700,564.460000,347.100000,-877.120000
938,Exit long,2026-02-01 08:15,2411.250000,12,-2380.680000,-7.6000,27.000000,4886.880000,-1337.970000
938,Entry long,2026-01-31 14:15,2609.640000,12,-2380.680000,-7.6000,27.000000,4886.880000,-1337.970000
937,Exit short,2026-01-31 14:15,2609.640000,11,679.690000,2.3100,863.720000,0.000000,1042.710000
937,Entry short,2026-01-31 08:15,2671.430000,11,679.690000,2.3100,863.720000,0.000000,1042.710000
936,Exit long,2026-01-31 08:15,2671.430000,10,-639.800000,-2.3400,285.200000,1007.800000,363.020000
936,Entry long,2026-01-30 14:15,2735.410000,10,-639.800000,-2.3400,285.200000,1007.800000,363.020000
935,Exit short,2026-01-30 14:15,2735.410000,9,78.390000,0.3200,325.080000,213.120000,1002.820000
935,Entry short,2026-01-30 08:15,2744.120000,9,78.390000,0.3200,325.080000,213.120000,1002.820000
934,Exit long,2026-01-30 08:15,2744.120000,8,-1494.240000,-6.3700,17.680000,2060.560000,924.430000
934,Entry long,2026-01-29 14:15,2930.900000,8,-1494.240000,-6.3700,17.680000,2060.560000,924.430000
933,Exit short,2026-01-29 14:15,2930.900000,7,109.270000,0.5300,170.100000,157.430000,2418.670000
933,Entry short,2026-01-29 08:15,2946.510000,7,109.270000,0.5300,170.100000,157.430000,2418.670000
932,Exit long,2026-01-29 08:15,2946.510000,6,-495.540000,-2.7300,54.000000,556.260000,2309.400000
932,Entry long,2026-01-28 14:15,3029.100000,6,-495.540000,-2.7300,54.000000,556.260000,2309.400000
931,Exit short,2026-01-28 14:15,3029.100000,5,-156.550000,-1.0400,62.300000,236.050000,2804.940000
931,Entry short,2026-01-28 08:15,2997.790000,5,-156.550000,-1.0400,62.300000,236.050000,2804.940000
930,Exit long,2026-01-28 08:15,2997.790000,4,288.640000,2.4700,437.440000,80.520000,2961.490000
930,Entry long,2026-01-27 14:15,2925.630000,4,288.640000,2.4700,437.440000,80.520000,2961.490000
929,Exit short,2026-01-27 14:15,2925.630000,3,11.340000,0.1300,91.560000,4.560000,2672.850000
929,Entry short,2026-01-27 08:15,2929.410000,3,11.340000,0.1300,91.560000,4.560000,2672.850000
928,Exit long,2026-01-27 08:15,2929.410000,2,90.760000,1.5700,147.940000,22.500000,2661.510000
928,Entry long,2026-01-26 14:15,2884.030000,2,90.760000,1.5700,147.940000,22.500000,2661.510000
927,Exit short,2026-01-26 14:15,2884.030000,1,14.020000,0.4800,18.590000,36.950000,2570.750000
927,Entry short,2026-01-26 08:15,2898.050000,1,14.020000,0.4800,18.590000,36.950000,2570.750000
926,Exit long,2026-01-26 00:15,2831.880000,14,-1473.920000,-3.5800,23.940000,2142.140000,2556.730000
926,Entry long,2026-01-25 14:15,2937.160000,14,-1473.920000,-3.5800,23.940000,2142.140000,2556.730000
925,Exit short,2026-01-25 14:15,2937.160000,13,70.850000,0.1900,312.780000,57.070000,4030.650000
925,Entry short,2026-01-25 08:15,2942.610000,13,70.850000,0.1900,312.780000,57.070000,4030.650000
924,Exit long,2026-01-25 08:15,2942.610000,12,-142.200000,-0.4000,154.080000,256.920000,3959.800000
924,Entry long,2026-01-24 14:15,2954.460000,12,-142.200000,-0.4000,154.080000,256.920000,3959.800000
923,Exit short,2026-01-24 14:15,2954.460000,11,29.480000,0.0900,166.540000,71.170000,4102.000000
923,Entry short,2026-01-24 08:15,2957.140000,11,29.480000,0.0900,166.540000,71.170000,4102.000000
922,Exit long,2026-01-24 08:15,2957.140000,10,240.900000,0.8200,874.000000,428.500000,4072.520000
922,Entry long,2026-01-23 14:15,2933.050000,10,240.900000,0.8200,874.000000,428.500000,4072.520000
921,Exit short,2026-01-23 14:15,2933.050000,9,105.930000,0.4000,281.970000,13.680000,3831.620000
921,Entry short,2026-01-23 08:15,2944.820000,9,105.930000,0.4000,281.970000,13.680000,3831.620000
920,Exit long,2026-01-23 08:15,2944.820000,8,-276.000000,-1.1600,34.400000,601.680000,3725.690000
920,Entry long,2026-01-22 14:15,2979.320000,8,-276.000000,-1.1600,34.400000,601.680000,3725.690000
919,Exit short,2026-01-22 14:15,2979.320000,7,107.170000,0.5100,238.280000,146.650000,4001.690000
919,Entry short,2026-01-22 08:15,2994.630000,7,107.170000,0.5100,238.280000,146.650000,4001.690000
918,Exit long,2026-01-22 08:15,2994.630000,6,132.900000,0.7500,581.160000,649.140000,3894.520000
918,Entry long,2026-01-21 14:15,2972.480000,6,132.900000,0.7500,581.160000,649.140000,3894.520000
917,Exit short,2026-01-21 14:15,2972.480000,5,-52.550000,-0.3500,308.300000,86.550000,3761.620000
917,Entry short,2026-01-21 08:15,2961.970000,5,-52.550000,-0.3500,308.300000,86.550000,3761.620000
916,Exit long,2026-01-21 08:15,2961.970000,4,-476.120000,-3.8600,23.600000,684.000000,3814.170000
916,Entry long,2026-01-20 14:15,3081.000000,4,-476.120000,-3.8600,23.600000,684.000000,3814.170000
915,Exit short,2026-01-20 14:15,3081.000000,3,73.410000,0.7900,99.180000,26.940000,4290.290000
915,Entry short,2026-01-20 08:15,3105.470000,3,73.410000,0.7900,99.180000,26.940000,4290.290000
914,Exit long,2026-01-20 08:15,3105.470000,2,-210.320000,-3.2800,31.120000,244.580000,4216.880000
914,Entry long,2026-01-19 14:15,3210.630000,2,-210.320000,-3.2800,31.120000,244.580000,4216.880000
913,Exit short,2026-01-19 14:15,3210.630000,1,-14.130000,-0.4400,0.470000,38.210000,4427.200000
913,Entry short,2026-01-19 08:15,3196.500000,1,-14.130000,-0.4400,0.470000,38.210000,4427.200000
912,Exit long,2026-01-19 00:15,3216.710000,14,-1577.100000,-3.3800,540.680000,1605.380000,4441.330000
912,Entry long,2026-01-18 14:15,3329.360000,14,-1577.100000,-3.3800,540.680000,1605.380000,4441.330000
911,Exit short,2026-01-18 14:15,3329.360000,13,-313.040000,-0.7300,18.720000,318.760000,6018.430000
911,Entry short,2026-01-18 08:15,3305.280000,13,-313.040000,-0.7300,18.720000,318.760000,6018.430000
910,Exit long,2026-01-18 08:15,3305.280000,12,-16.800000,-0.0400,260.160000,145.920000,6331.470000
910,Entry long,2026-01-17 14:15,3306.680000,12,-16.800000,-0.0400,260.160000,145.920000,6331.470000
909,Exit short,2026-01-17 14:15,3306.680000,11,-161.480000,-0.4500,11.440000,175.120000,6348.270000
909,Entry short,2026-01-17 08:15,3292.000000,11,-161.480000,-0.4500,11.440000,175.120000,6348.270000
908,Exit long,2026-01-17 08:15,3292.000000,10,-99.900000,-0.3000,151.800000,505.700000,6509.750000
908,Entry long,2026-01-16 14:15,3301.990000,10,-99.900000,-0.3000,151.800000,505.700000,6509.750000
907,Exit short,2026-01-16 14:15,3301.990000,9,137.700000,0.4600,231.570000,6.120000,6609.650000
907,Entry short,2026-01-16 08:15,3317.290000,9,137.700000,0.4600,231.570000,6.120000,6609.650000
906,Exit long,2026-01-16 08:15,3317.290000,8,-494.880000,-1.8300,6.800000,905.200000,6471.950000
906,Entry long,2026-01-15 14:15,3379.150000,8,-494.880000,-1.8300,6.800000,905.200000,6471.950000
905,Exit short,2026-01-15 14:15,3379.150000,7,-389.970000,-1.6800,33.460000,417.410000,6966.830000
905,Entry short,2026-01-15 08:15,3323.440000,7,-389.970000,-1.6800,33.460000,417.410000,6966.830000
904,Exit long,2026-01-15 08:15,3323.440000,6,82.500000,0.4200,564.480000,205.980000,7356.800000
904,Entry long,2026-01-14 14:15,3309.690000,6,82.500000,0.4200,564.480000,205.980000,7356.800000
903,Exit short,2026-01-14 14:15,3309.690000,5,151.700000,0.9100,300.150000,9.850000,7274.300000
903,Entry short,2026-01-14 08:15,3340.030000,5,151.700000,0.9100,300.150000,9.850000,7274.300000
902,Exit long,2026-01-14 08:15,3340.030000,4,804.360000,6.4100,978.760000,31.560000,7122.600000
902,Entry long,2026-01-13 14:15,3138.940000,4,804.360000,6.4100,978.760000,31.560000,7122.600000
901,Exit short,2026-01-13 14:15,3138.940000,3,-39.690000,-0.4200,1.860000,110.370000,6318.240000
901,Entry short,2026-01-13 08:15,3125.710000,3,-39.690000,-0.4200,1.860000,110.370000,6318.240000
900,Exit long,2026-01-13 08:15,3125.710000,2,34.660000,0.5600,75.100000,94.060000,6357.930000
900,Entry long,2026-01-12 14:15,3108.380000,2,34.660000,0.5600,75.100000,94.060000,6357.930000
899,Exit short,2026-01-12 14:15,3108.380000,1,30.470000,0.9700,38.850000,7.280000,6323.270000
899,Entry short,2026-01-12 08:15,3138.850000,1,30.470000,0.9700,38.850000,7.280000,6323.270000
898,Exit long,2026-01-12 00:15,3114.320000,14,24.360000,0.0600,481.880000,306.320000,6292.800000
898,Entry long,2026-01-11 14:15,3112.580000,14,24.360000,0.0600,481.880000,306.320000,6292.800000
897,Exit short,2026-01-11 14:15,3112.580000,13,-243.230000,-0.6000,0.130000,286.130000,6268.440000
897,Entry short,2026-01-11 08:15,3093.870000,13,-243.230000,-0.6000,0.130000,286.130000,6268.440000
896,Exit long,2026-01-11 08:15,3093.870000,12,8.760000,0.0200,94.320000,192.720000,6511.670000
896,Entry long,2026-01-10 14:15,3093.140000,12,8.760000,0.0200,94.320000,192.720000,6511.670000
895,Exit short,2026-01-10 14:15,3093.140000,11,-39.270000,-0.1200,37.840000,144.980000,6502.910000
895,Entry short,2026-01-10 08:15,3089.570000,11,-39.270000,-0.1200,37.840000,144.980000,6502.910000
894,Exit long,2026-01-10 08:15,3089.570000,10,88.700000,0.2900,642.900000,239.100000,6542.180000
894,Entry long,2026-01-09 14:15,3080.700000,10,88.700000,0.2900,642.900000,239.100000,6542.180000
893,Exit short,2026-01-09 14:15,3080.700000,9,237.780000,0.8500,370.080000,65.070000,6453.480000
893,Entry short,2026-01-09 08:15,3107.120000,9,237.780000,0.8500,370.080000,65.070000,6453.480000
892,Exit long,2026-01-09 08:15,3107.120000,8,124.560000,0.5000,451.600000,312.960000,6215.700000
892,Entry long,2026-01-08 14:15,3091.550000,8,124.560000,0.5000,451.600000,312.960000,6215.700000
891,Exit short,2026-01-08 14:15,3091.550000,7,278.250000,1.2700,444.640000,30.800000,6091.140000
891,Entry short,2026-01-08 08:15,3131.300000,7,278.250000,1.2700,444.640000,30.800000,6091.140000
890,Exit long,2026-01-08 08:15,3131.300000,6,-377.640000,-1.9700,51.720000,647.880000,5812.890000
890,Entry long,2026-01-07 14:15,3194.240000,6,-377.640000,-1.9700,51.720000,647.880000,5812.890000
889,Exit short,2026-01-07 14:15,3194.240000,5,313.000000,1.9200,351.000000,25.800000,6190.530000
889,Entry short,2026-01-07 08:15,3256.840000,5,313.000000,1.9200,351.000000,25.800000,6190.530000
888,Exit long,2026-01-07 08:15,3256.840000,4,-68.480000,-0.5200,136.160000,373.000000,5877.530000
888,Entry long,2026-01-06 14:15,3273.960000,4,-68.480000,-0.5200,136.160000,373.000000,5877.530000
887,Exit short,2026-01-06 14:15,3273.960000,3,-161.010000,-1.6700,22.470000,188.130000,5946.010000
887,Entry short,2026-01-06 08:15,3220.290000,3,-161.010000,-1.6700,22.470000,188.130000,5946.010000
886,Exit long,2026-01-06 08:15,3220.290000,2,139.440000,2.2100,230.860000,35.980000,6107.020000
886,Entry long,2026-01-05 14:15,3150.570000,2,139.440000,2.2100,230.860000,35.980000,6107.020000
885,Exit short,2026-01-05 14:15,3150.570000,1,12.830000,0.4100,21.650000,19.960000,5967.580000
885,Entry short,2026-01-05 08:15,3163.400000,1,12.830000,0.4100,21.650000,19.960000,5967.580000
884,Exit long,2026-01-05 00:15,3153.000000,14,169.540000,0.3900,308.560000,362.460000,5954.750000
884,Entry long,2026-01-04 14:15,3140.890000,14,169.540000,0.3900,308.560000,362.460000,5954.750000
883,Exit short,2026-01-04 14:15,3140.890000,13,-110.630000,-0.2700,55.510000,194.870000,5785.210000
883,Entry short,2026-01-04 08:15,3132.380000,13,-110.630000,-0.2700,55.510000,194.870000,5785.210000
882,Exit long,2026-01-04 08:15,3132.380000,12,328.800000,0.8800,732.120000,98.760000,5895.840000
882,Entry long,2026-01-03 14:15,3104.980000,12,328.800000,0.8800,732.120000,98.760000,5895.840000
881,Exit short,2026-01-03 14:15,3104.980000,11,-165.000000,-0.4900,5.280000,215.820000,5567.040000
881,Entry short,2026-01-03 08:15,3089.980000,11,-165.000000,-0.4900,5.280000,215.820000,5567.040000
880,Exit long,2026-01-03 08:15,3089.980000,10,494.800000,1.6300,1085.000000,228.600000,5732.040000
880,Entry long,2026-01-02 14:15,3040.500000,10,494.800000,1.6300,1085.000000,228.600000,5732.040000
879,Exit short,2026-01-02 14:15,3040.500000,9,-119.970000,-0.4400,56.250000,376.200000,5237.240000
879,Entry short,2026-01-02 08:15,3027.170000,9,-119.970000,-0.4400,56.250000,376.200000,5237.240000
878,Exit long,2026-01-02 08:15,3027.170000,8,370.880000,1.5600,460.880000,37.680000,5357.210000
878,Entry long,2026-01-01 14:15,2980.810000,8,370.880000,1.5600,460.880000,37.680000,5357.210000
877,Exit short,2026-01-01 14:15,2980.810000,7,-9.590000,-0.0500,24.080000,87.500000,4986.330000
877,Entry short,2026-01-01 08:15,2979.440000,7,-9.590000,-0.0500,24.080000,87.500000,4986.330000
876,Exit long,2026-01-01 08:15,2979.440000,6,-208.020000,-1.1500,19.080000,339.120000,4995.920000
876,Entry long,2025-12-31 14:15,3014.110000,6,-208.020000,-1.1500,19.080000,339.120000,4995.920000
875,Exit short,2025-12-31 14:15,3014.110000,5,-186.450000,-1.2500,73.050000,254.550000,5203.940000
875,Entry short,2025-12-31 08:15,2976.820000,5,-186.450000,-1.2500,73.050000,254.550000,5203.940000
874,Exit long,2025-12-31 08:15,2976.820000,4,11.640000,0.1000,139.040000,130.560000,5390.390000
874,Entry long,2025-12-30 14:15,2973.910000,4,11.640000,0.1000,139.040000,130.560000,5390.390000
873,Exit short,2025-12-30 14:15,2973.910000,3,42.030000,0.4700,80.760000,30.990000,5378.750000
873,Entry short,2025-12-30 08:15,2987.920000,3,42.030000,0.4700,80.760000,30.990000,5378.750000
872,Exit long,2025-12-30 08:15,2987.920000,2,125.060000,2.1400,155.220000,28.580000,5336.720000
872,Entry long,2025-12-29 14:15,2925.390000,2,125.060000,2.1400,155.220000,28.580000,5336.720000
871,Exit short,2025-12-29 14:15,2925.390000,1,95.530000,3.1600,112.340000,4.080000,5211.660000
871,Entry short,2025-12-29 08:15,3020.920000,1,95.530000,3.1600,112.340000,4.080000,5211.660000
870,Exit long,2025-12-29 00:15,2947.140000,14,65.800000,0.1600,245.700000,274.400000,5116.130000
870,Entry long,2025-12-28 14:15,2942.440000,14,65.800000,0.1600,245.700000,274.400000,5116.130000
869,Exit short,2025-12-28 14:15,2942.440000,13,-28.210000,-0.0700,133.380000,80.470000,5050.330000
869,Entry short,2025-12-28 08:15,2940.270000,13,-28.210000,-0.0700,133.380000,80.470000,5050.330000
868,Exit long,2025-12-28 08:15,2940.270000,12,158.040000,0.4500,392.880000,136.320000,5078.540000
868,Entry long,2025-12-27 14:15,2927.100000,12,158.040000,0.4500,392.880000,136.320000,5078.540000
867,Exit short,2025-12-27 14:15,2927.100000,11,60.940000,0.1900,198.110000,78.980000,4920.500000
867,Entry short,2025-12-27 08:15,2932.640000,11,60.940000,0.1900,198.110000,78.980000,4920.500000
866,Exit long,2025-12-27 08:15,2932.640000,10,-479.900000,-1.6100,21.800000,876.300000,4859.560000
866,Entry long,2025-12-26 14:15,2980.630000,10,-479.900000,-1.6100,21.800000,876.300000,4859.560000
865,Exit short,2025-12-26 14:15,2980.630000,9,-161.910000,-0.6100,62.100000,200.610000,5339.460000
865,Entry short,2025-12-26 08:15,2962.640000,9,-161.910000,-0.6100,62.100000,200.610000,5339.460000
864,Exit long,2025-12-26 08:15,2962.640000,8,244.080000,1.0400,494.960000,346.000000,5501.370000
864,Entry long,2025-12-25 14:15,2932.130000,8,244.080000,1.0400,494.960000,346.000000,5501.370000
863,Exit short,2025-12-25 14:15,2932.130000,7,34.090000,0.1700,188.020000,7.000000,5257.290000
863,Entry short,2025-12-25 08:15,2937.000000,7,34.090000,0.1700,188.020000,7.000000,5257.290000
862,Exit long,2025-12-25 08:15,2937.000000,6,21.900000,0.1200,176.040000,279.600000,5223.200000
862,Entry long,2025-12-24 14:15,2933.350000,6,21.900000,0.1200,176.040000,279.600000,5223.200000
861,Exit short,2025-12-24 14:15,2933.350000,5,-1.750000,-0.0100,104.100000,28.550000,5201.300000
861,Entry short,2025-12-24 08:15,2933.000000,5,-1.750000,-0.0100,104.100000,28.550000,5201.300000
860,Exit long,2025-12-24 08:15,2933.000000,4,-43.600000,-0.3700,175.360000,178.400000,5203.050000
860,Entry long,2025-12-23 14:15,2943.900000,4,-43.600000,-0.3700,175.360000,178.400000,5203.050000
859,Exit short,2025-12-23 14:15,2943.900000,3,63.540000,0.7100,108.240000,28.140000,5246.650000
859,Entry short,2025-12-23 08:15,2965.080000,3,63.540000,0.7100,108.240000,28.140000,5246.650000
858,Exit long,2025-12-23 08:15,2965.080000,2,-184.120000,-3.0100,31.720000,224.280000,5183.110000
858,Entry long,2025-12-22 14:15,3057.140000,2,-184.120000,-3.0100,31.720000,224.280000,5183.110000
857,Exit short,2025-12-22 14:15,3057.140000,1,-27.140000,-0.9000,6.430000,47.990000,5367.230000
857,Entry short,2025-12-22 08:15,3030.000000,1,-27.140000,-0.9000,6.430000,47.990000,5367.230000
856,Exit long,2025-12-22 00:15,3044.930000,14,1202.460000,2.9000,1214.640000,79.240000,5394.370000
856,Entry long,2025-12-21 14:15,2959.040000,14,1202.460000,2.9000,1214.640000,79.240000,5394.370000
855,Exit short,2025-12-21 14:15,2959.040000,13,247.910000,0.6400,456.430000,440.440000,4191.910000
855,Entry short,2025-12-21 08:15,2978.110000,13,247.910000,0.6400,456.430000,440.440000,4191.910000
854,Exit long,2025-12-21 08:15,2978.110000,12,87.480000,0.2500,167.160000,128.280000,3944.000000
854,Entry long,2025-12-20 14:15,2970.820000,12,87.480000,0.2500,167.160000,128.280000,3944.000000
853,Exit short,2025-12-20 14:15,2970.820000,11,128.920000,0.3900,189.860000,114.730000,3856.520000
853,Entry short,2025-12-20 08:15,2982.540000,11,128.920000,0.3900,189.860000,114.730000,3856.520000
852,Exit long,2025-12-20 08:15,2982.540000,10,99.400000,0.3300,453.900000,396.000000,3727.600000
852,Entry long,2025-12-19 14:15,2972.600000,10,99.400000,0.3300,453.900000,396.000000,3727.600000
851,Exit short,2025-12-19 14:15,2972.600000,9,-178.650000,-0.6700,144.990000,231.840000,3628.200000
851,Entry short,2025-12-19 08:15,2952.750000,9,-178.650000,-0.6700,144.990000,231.840000,3628.200000
850,Exit long,2025-12-19 08:15,2952.750000,8,145.440000,0.6200,499.840000,1292.800000,3806.850000
850,Entry long,2025-12-18 14:15,2934.570000,8,145.440000,0.6200,499.840000,1292.800000,3806.850000
849,Exit short,2025-12-18 14:15,2934.570000,7,-681.590000,-3.4300,26.390000,1103.970000,3661.410000
849,Entry short,2025-12-18 08:15,2837.200000,7,-681.590000,-3.4300,26.390000,1103.970000,3661.410000
848,Exit long,2025-12-18 08:15,2837.200000,6,-617.280000,-3.5000,539.520000,903.360000,4343.000000
848,Entry long,2025-12-17 14:15,2940.080000,6,-617.280000,-3.5000,539.520000,903.360000,4343.000000
847,Exit short,2025-12-17 14:15,2940.080000,5,8.400000,0.0600,182.350000,60.000000,4960.280000
847,Entry short,2025-12-17 08:15,2941.760000,5,8.400000,0.0600,182.350000,60.000000,4960.280000
846,Exit long,2025-12-17 08:15,2941.760000,4,82.600000,0.7100,214.360000,44.400000,4951.880000
846,Entry long,2025-12-16 14:15,2921.110000,4,82.600000,0.7100,214.360000,44.400000,4951.880000
845,Exit short,2025-12-16 14:15,2921.110000,3,21.570000,0.2500,128.520000,161.400000,4869.280000
845,Entry short,2025-12-16 08:15,2928.300000,3,21.570000,0.2500,128.520000,161.400000,4869.280000
844,Exit long,2025-12-16 08:15,2928.300000,2,-417.320000,-6.6500,16.840000,533.920000,4847.710000
844,Entry long,2025-12-15 14:15,3136.960000,2,-417.320000,-6.6500,16.840000,533.920000,4847.710000
843,Exit short,2025-12-15 14:15,3136.960000,1,-10.500000,-0.3400,2.620000,50.540000,5265.030000
843,Entry short,2025-12-15 08:15,3126.460000,1,-10.500000,-0.3400,2.620000,50.540000,5265.030000
842,Exit long,2025-12-15 00:15,3059.550000,14,-508.900000,-1.1700,155.400000,1027.460000,5275.530000
842,Entry long,2025-12-14 14:15,3095.900000,14,-508.900000,-1.1700,155.400000,1027.460000,5275.530000
841,Exit short,2025-12-14 14:15,3095.900000,13,253.630000,0.6300,872.170000,43.030000,5784.430000
841,Entry short,2025-12-14 08:15,3115.410000,13,253.630000,0.6300,872.170000,43.030000,5784.430000
840,Exit long,2025-12-14 08:15,3115.410000,12,14.400000,0.0400,173.280000,470.520000,5530.800000
840,Entry long,2025-12-13 14:15,3114.210000,12,14.400000,0.0400,173.280000,470.520000,5530.800000
839,Exit short,2025-12-13 14:15,3114.210000,11,-188.210000,-0.5500,49.060000,416.900000,5516.400000
839,Entry short,2025-12-13 08:15,3097.100000,11,-188.210000,-0.5500,49.060000,416.900000,5516.400000
838,Exit long,2025-12-13 08:15,3097.100000,10,-1371.300000,-4.2400,129.000000,1931.300000,5704.610000
838,Entry long,2025-12-12 14:15,3234.230000,10,-1371.300000,-4.2400,129.000000,1931.300000,5704.610000
837,Exit short,2025-12-12 14:15,3234.230000,9,119.880000,0.4100,202.770000,64.710000,7075.910000
837,Entry short,2025-12-12 08:15,3247.550000,9,119.880000,0.4100,202.770000,64.710000,7075.910000
836,Exit long,2025-12-12 08:15,3247.550000,8,443.520000,1.7400,642.560000,393.520000,6956.030000
836,Entry long,2025-12-11 14:15,3192.110000,8,443.520000,1.7400,642.560000,393.520000,6956.030000
835,Exit short,2025-12-11 14:15,3192.110000,7,-14.700000,-0.0700,103.670000,153.930000,6512.510000
835,Entry short,2025-12-11 08:15,3190.010000,7,-14.700000,-0.0700,103.670000,153.930000,6512.510000
834,Exit long,2025-12-11 08:15,3190.010000,6,-788.940000,-3.9600,747.720000,939.000000,6527.210000
834,Entry long,2025-12-10 14:15,3321.500000,6,-788.940000,-3.9600,747.720000,939.000000,6527.210000
833,Exit short,2025-12-10 14:15,3321.500000,5,37.750000,0.2300,167.450000,229.400000,7316.150000
833,Entry short,2025-12-10 08:15,3329.050000,5,37.750000,0.2300,167.450000,229.400000,7316.150000
832,Exit long,2025-12-10 08:15,3329.050000,4,856.200000,6.8700,1130.000000,72.000000,7278.400000
832,Entry long,2025-12-09 14:15,3115.000000,4,856.200000,6.8700,1130.000000,72.000000,7278.400000
831,Exit short,2025-12-09 14:15,3115.000000,3,19.050000,0.2000,94.050000,55.920000,6422.200000
831,Entry short,2025-12-09 08:15,3121.350000,3,19.050000,0.2000,94.050000,55.920000,6422.200000
830,Exit long,2025-12-09 08:15,3121.350000,2,-59.760000,-0.9500,53.540000,170.120000,6403.150000
830,Entry long,2025-12-08 14:15,3151.230000,2,-59.760000,-0.9500,53.540000,170.120000,6403.150000
829,Exit short,2025-12-08 14:15,3151.230000,1,-22.080000,-0.7100,7.350000,50.840000,6462.910000
829,Entry short,2025-12-08 08:15,3129.150000,1,-22.080000,-0.7100,7.350000,50.840000,6462.910000
828,Exit long,2025-12-08 00:15,3045.340000,14,298.760000,0.7100,1764.000000,1683.500000,6484.990000
828,Entry long,2025-12-07 14:15,3024.000000,14,298.760000,0.7100,1764.000000,1683.500000,6484.990000
827,Exit short,2025-12-07 14:15,3024.000000,13,50.700000,0.1300,88.920000,323.700000,6186.230000
827,Entry short,2025-12-07 08:15,3027.900000,13,50.700000,0.1300,88.920000,323.700000,6186.230000
826,Exit long,2025-12-07 08:15,3027.900000,12,-88.920000,-0.2400,399.240000,147.720000,6135.530000
826,Entry long,2025-12-06 14:15,3035.310000,12,-88.920000,-0.2400,399.240000,147.720000,6135.530000
825,Exit short,2025-12-06 14:15,3035.310000,11,-76.560000,-0.2300,179.850000,147.730000,6224.450000
825,Entry short,2025-12-06 08:15,3028.350000,11,-76.560000,-0.2300,179.850000,147.730000,6224.450000
824,Exit long,2025-12-06 08:15,3028.350000,10,-740.800000,-2.3900,545.700000,1244.300000,6301.010000
824,Entry long,2025-12-05 14:15,3102.430000,10,-740.800000,-2.3900,545.700000,1244.300000,6301.010000
823,Exit short,2025-12-05 14:15,3102.430000,9,529.470000,1.8600,677.340000,18.360000,7041.810000
823,Entry short,2025-12-05 08:15,3161.260000,9,529.470000,1.8600,677.340000,18.360000,7041.810000
822,Exit long,2025-12-05 08:15,3161.260000,8,-127.280000,-0.5000,403.920000,898.880000,6512.340000
822,Entry long,2025-12-04 14:15,3177.170000,8,-127.280000,-0.5000,403.920000,898.880000,6512.340000
821,Exit short,2025-12-04 14:15,3177.170000,7,10.010000,0.0400,170.310000,202.930000,6639.620000
821,Entry short,2025-12-04 08:15,3178.600000,7,10.010000,0.0400,170.310000,202.930000,6639.620000
820,Exit long,2025-12-04 08:15,3178.600000,6,788.700000,4.3100,1152.720000,4.560000,6629.610000
820,Entry long,2025-12-03 14:15,3047.150000,6,788.700000,4.3100,1152.720000,4.560000,6629.610000
819,Exit short,2025-12-03 14:15,3047.150000,5,49.300000,0.3200,135.050000,189.900000,5840.910000
819,Entry short,2025-12-03 08:15,3057.010000,5,49.300000,0.3200,135.050000,189.900000,5840.910000
818,Exit long,2025-12-03 08:15,3057.010000,4,805.800000,7.0500,915.120000,38.400000,5791.610000
818,Entry long,2025-12-02 14:15,2855.560000,4,805.800000,7.0500,915.120000,38.400000,5791.610000
817,Exit short,2025-12-02 14:15,2855.560000,3,-183.990000,-2.1900,40.890000,215.310000,4985.810000
817,Entry short,2025-12-02 08:15,2794.230000,3,-183.990000,-2.1900,40.890000,215.310000,4985.810000
816,Exit long,2025-12-02 08:15,2794.230000,2,-50.560000,-0.9000,23.120000,202.880000,5169.800000
816,Entry long,2025-12-01 14:15,2819.510000,2,-50.560000,-0.9000,23.120000,202.880000,5169.800000
815,Exit short,2025-12-01 14:15,2819.510000,1,13.570000,0.4800,42.080000,21.480000,5220.360000
815,Entry short,2025-12-01 08:15,2833.080000,1,13.570000,0.4800,42.080000,21.480000,5220.360000
814,Exit long,2025-12-01 00:15,2915.150000,14,-1810.900000,-4.2500,55.160000,2023.000000,5206.790000
814,Entry long,2025-11-30 14:15,3044.500000,14,-1810.900000,-4.2500,55.160000,2023.000000,5206.790000
813,Exit short,2025-11-30 14:15,3044.500000,13,-549.380000,-1.4100,72.150000,649.610000,7017.690000
813,Entry short,2025-11-30 08:15,3002.240000,13,-549.380000,-1.4100,72.150000,649.610000,7017.690000
812,Exit long,2025-11-30 08:15,3002.240000,12,91.680000,0.2600,244.800000,415.080000,7567.070000
812,Entry long,2025-11-29 14:15,2994.600000,12,91.680000,0.2600,244.800000,415.080000,7567.070000
811,Exit short,2025-11-29 14:15,2994.600000,11,117.590000,0.3600,252.890000,50.160000,7475.390000
811,Entry short,2025-11-29 08:15,3005.290000,11,117.590000,0.3600,252.890000,50.160000,7475.390000
810,Exit long,2025-11-29 08:15,3005.290000,10,-636.200000,-2.0700,300.900000,797.900000,7357.800000
810,Entry long,2025-11-28 14:15,3068.910000,10,-636.200000,-2.0700,300.900000,797.900000,7357.800000
809,Exit short,2025-11-28 14:15,3068.910000,9,-483.030000,-1.7800,25.830000,654.750000,7994.000000
809,Entry short,2025-11-28 08:15,3015.240000,9,-483.030000,-1.7800,25.830000,654.750000,7994.000000
808,Exit long,2025-11-28 08:15,3015.240000,8,168.240000,0.7000,394.320000,83.200000,8477.030000
808,Entry long,2025-11-27 14:15,2994.210000,8,168.240000,0.7000,394.320000,83.200000,8477.030000
807,Exit short,2025-11-27 14:15,2994.210000,7,181.370000,0.8600,236.600000,167.160000,8308.790000
807,Entry short,2025-11-27 08:15,3020.120000,7,181.370000,0.8600,236.600000,167.160000,8308.790000
806,Exit long,2025-11-27 08:15,3020.120000,6,528.120000,3.0000,827.400000,174.600000,8127.420000
806,Entry long,2025-11-26 14:15,2932.100000,6,528.120000,3.0000,827.400000,174.600000,8127.420000
805,Exit short,2025-11-26 14:15,2932.100000,5,-5.700000,-0.0400,219.350000,30.150000,7599.300000
805,Entry short,2025-11-26 08:15,2930.960000,5,-5.700000,-0.0400,219.350000,30.150000,7599.300000
804,Exit long,2025-11-26 08:15,2930.960000,4,79.400000,0.6800,290.760000,224.440000,7605.000000
804,Entry long,2025-11-25 14:15,2911.110000,4,79.400000,0.6800,290.760000,224.440000,7605.000000
803,Exit short,2025-11-25 14:15,2911.110000,3,-41.310000,-0.4800,101.850000,108.480000,7525.600000
803,Entry short,2025-11-25 08:15,2897.340000,3,-41.310000,-0.4800,101.850000,108.480000,7525.600000
802,Exit long,2025-11-25 08:15,2897.340000,2,181.840000,3.2400,361.120000,48.440000,7566.910000
802,Entry long,2025-11-24 14:15,2806.420000,2,181.840000,3.2400,361.120000,48.440000,7566.910000
801,Exit short,2025-11-24 14:15,2806.420000,1,22.270000,0.7900,42.680000,13.230000,7385.070000
801,Entry short,2025-11-24 08:15,2828.690000,1,22.270000,0.7900,42.680000,13.230000,7385.070000
800,Exit long,2025-11-24 00:15,2778.390000,14,-768.320000,-1.9400,171.640000,806.260000,7362.800000
800,Entry long,2025-11-23 14:15,2833.270000,14,-768.320000,-1.9400,171.640000,806.260000,7362.800000
799,Exit short,2025-11-23 14:15,2833.270000,13,-422.500000,-1.1600,43.940000,730.990000,8131.120000
799,Entry short,2025-11-23 08:15,2800.770000,13,-422.500000,-1.1600,43.940000,730.990000,8131.120000
798,Exit long,2025-11-23 08:15,2800.770000,12,738.360000,2.2500,1340.400000,181.440000,8553.620000
798,Entry long,2025-11-22 14:15,2739.240000,12,738.360000,2.2500,1340.400000,181.440000,8553.620000
797,Exit short,2025-11-22 14:15,2739.240000,11,70.400000,0.2300,470.470000,1.540000,7815.260000
797,Entry short,2025-11-22 08:15,2745.640000,11,70.400000,0.2300,470.470000,1.540000,7815.260000
796,Exit long,2025-11-22 08:15,2745.640000,10,158.300000,0.5800,761.300000,562.300000,7744.860000
796,Entry long,2025-11-21 14:15,2729.810000,10,158.300000,0.5800,761.300000,562.300000,7744.860000
795,Exit short,2025-11-21 14:15,2729.810000,9,106.740000,0.4300,1095.030000,244.170000,7586.560000
795,Entry short,2025-11-21 08:15,2741.670000,9,106.740000,0.4300,1095.030000,244.170000,7586.560000
794,Exit long,2025-11-21 08:15,2741.670000,8,-1815.360000,-7.6400,421.840000,2607.520000,7479.820000
794,Entry long,2025-11-20 14:15,2968.590000,8,-1815.360000,-7.6400,421.840000,2607.520000,7479.820000
793,Exit short,2025-11-20 14:15,2968.590000,7,407.050000,1.9200,450.030000,148.820000,9295.180000
793,Entry short,2025-11-20 08:15,3026.740000,7,407.050000,1.9200,450.030000,148.820000,9295.180000
792,Exit long,2025-11-20 08:15,3026.740000,6,-203.940000,-1.1100,265.380000,1126.380000,8888.130000
792,Entry long,2025-11-19 14:15,3060.730000,6,-203.940000,-1.1100,265.380000,1126.380000,8888.130000
791,Exit short,2025-11-19 14:15,3060.730000,5,100.300000,0.6500,193.950000,160.850000,9092.070000
791,Entry short,2025-11-19 08:15,3080.790000,5,100.300000,0.6500,193.950000,160.850000,9092.070000
790,Exit long,2025-11-19 08:15,3080.790000,4,181.080000,1.4900,535.040000,181.480000,8991.770000
790,Entry long,2025-11-18 14:15,3035.520000,4,181.080000,1.4900,535.040000,181.480000,8991.770000
789,Exit short,2025-11-18 14:15,3035.520000,3,-11.430000,-0.1300,35.100000,126.000000,8810.690000
789,Entry short,2025-11-18 08:15,3031.710000,3,-11.430000,-0.1300,35.100000,126.000000,8810.690000
788,Exit long,2025-11-18 08:15,3031.710000,2,-180.860000,-2.9000,176.160000,357.660000,8822.120000
788,Entry long,2025-11-17 14:15,3122.140000,2,-180.860000,-2.9000,176.160000,357.660000,8822.120000
787,Exit short,2025-11-17 14:15,3122.140000,1,69.970000,2.1900,98.680000,31.110000,9002.980000
787,Entry short,2025-11-17 08:15,3192.110000,1,69.970000,2.1900,98.680000,31.110000,9002.980000
786,Exit long,2025-11-17 00:15,3093.610000,14,-844.060000,-1.9100,365.400000,2140.460000,8933.010000
786,Entry long,2025-11-16 14:15,3153.900000,14,-844.060000,-1.9100,365.400000,2140.460000,8933.010000
785,Exit short,2025-11-16 14:15,3153.900000,13,724.880000,1.7400,944.450000,504.920000,9777.070000
785,Entry short,2025-11-16 08:15,3209.660000,13,724.880000,1.7400,944.450000,504.920000,9777.070000
784,Exit long,2025-11-16 08:15,3209.660000,12,242.160000,0.6300,492.960000,713.640000,9052.190000
784,Entry long,2025-11-15 14:15,3189.480000,12,242.160000,0.6300,492.960000,713.640000,9052.190000
783,Exit short,2025-11-15 14:15,3189.480000,11,-269.500000,-0.7700,355.520000,357.720000,8810.030000
783,Entry short,2025-11-15 08:15,3164.980000,11,-269.500000,-0.7700,355.520000,357.720000,8810.030000
782,Exit long,2025-11-15 08:15,3164.980000,10,309.000000,0.9900,1218.700000,460.800000,9079.530000
782,Entry long,2025-11-14 14:15,3134.080000,10,309.000000,0.9900,1218.700000,460.800000,9079.530000
781,Exit short,2025-11-14 14:15,3134.080000,9,573.930000,1.9900,1168.650000,179.550000,8770.530000
781,Entry short,2025-11-14 08:15,3197.850000,9,573.930000,1.9900,1168.650000,179.550000,8770.530000
780,Exit long,2025-11-14 08:15,3197.850000,8,-1813.760000,-6.6200,453.520000,2564.560000,8196.600000
780,Entry long,2025-11-13 14:15,3424.570000,8,-1813.760000,-6.6200,453.520000,2564.560000,8196.600000
779,Exit short,2025-11-13 14:15,3424.570000,7,784.140000,3.1700,820.540000,78.680000,10010.360000
779,Entry short,2025-11-13 08:15,3536.590000,7,784.140000,3.1700,820.540000,78.680000,10010.360000
778,Exit long,2025-11-13 08:15,3536.590000,6,-243.120000,-1.1300,9.120000,1242.660000,9226.220000
778,Entry long,2025-11-12 14:15,3577.110000,6,-243.120000,-1.1300,9.120000,1242.660000,9226.220000
777,Exit short,2025-11-12 14:15,3577.110000,5,-706.050000,-4.1100,0.050000,756.700000,9469.340000
777,Entry short,2025-11-12 08:15,3435.900000,5,-706.050000,-4.1100,0.050000,756.700000,9469.340000
776,Exit long,2025-11-12 08:15,3435.900000,4,-377.120000,-2.6700,64.320000,508.640000,10175.390000
776,Entry long,2025-11-11 14:15,3530.180000,4,-377.120000,-2.6700,64.320000,508.640000,10175.390000
775,Exit short,2025-11-11 14:15,3530.180000,3,70.770000,0.6600,100.800000,117.690000,10552.510000
775,Entry short,2025-11-11 08:15,3553.770000,3,70.770000,0.6600,100.800000,117.690000,10552.510000
774,Exit long,2025-11-11 08:15,3553.770000,2,-88.920000,-1.2400,98.620000,185.360000,10481.740000
774,Entry long,2025-11-10 14:15,3598.230000,2,-88.920000,-1.2400,98.620000,185.360000,10481.740000
773,Exit short,2025-11-10 14:15,3598.230000,1,0.340000,0.0100,16.890000,31.730000,10570.660000
773,Entry short,2025-11-10 08:15,3598.570000,1,0.340000,0.0100,16.890000,31.730000,10570.660000
772,Exit long,2025-11-10 00:15,3578.350000,14,1549.660000,3.1900,2194.360000,26.320000,10570.320000
772,Entry long,2025-11-09 14:15,3467.660000,14,1549.660000,3.1900,2194.360000,26.320000,10570.320000
771,Exit short,2025-11-09 14:15,3467.660000,13,-618.150000,-1.3900,512.200000,718.120000,9020.660000
771,Entry short,2025-11-09 08:15,3420.110000,13,-618.150000,-1.3900,512.200000,718.120000,9020.660000
770,Exit long,2025-11-09 08:15,3420.110000,12,488.640000,1.2000,555.480000,312.960000,9638.810000
770,Entry long,2025-11-08 14:15,3379.390000,12,488.640000,1.2000,555.480000,312.960000,9638.810000
769,Exit short,2025-11-08 14:15,3379.390000,11,755.810000,1.9900,792.110000,223.630000,9150.170000
769,Entry short,2025-11-08 08:15,3448.100000,11,755.810000,1.9900,792.110000,223.630000,9150.170000
768,Exit long,2025-11-08 08:15,3448.100000,10,2097.100000,6.4800,2516.100000,454.700000,8394.360000
768,Entry long,2025-11-07 14:15,3238.390000,10,2097.100000,6.4800,2516.100000,454.700000,8394.360000
767,Exit short,2025-11-07 14:15,3238.390000,9,1067.220000,3.5300,1452.510000,12.330000,6297.260000
767,Entry short,2025-11-07 08:15,3356.970000,9,1067.220000,3.5300,1452.510000,12.330000,6297.260000
766,Exit long,2025-11-07 08:15,3356.970000,8,-64.560000,-0.2400,55.680000,960.320000,5230.040000
766,Entry long,2025-11-06 14:15,3365.040000,8,-64.560000,-0.2400,55.680000,960.320000,5230.040000
765,Exit short,2025-11-06 14:15,3365.040000,7,114.730000,0.4800,286.300000,230.090000,5294.600000
765,Entry short,2025-11-06 08:15,3381.430000,7,114.730000,0.4800,286.300000,230.090000,5294.600000
764,Exit long,2025-11-06 08:15,3381.430000,6,201.000000,1.0000,786.420000,182.700000,5179.870000
764,Entry long,2025-11-05 14:15,3347.930000,6,201.000000,1.0000,786.420000,182.700000,5179.870000
763,Exit short,2025-11-05 14:15,3347.930000,5,-167.500000,-1.0100,210.950000,302.850000,4978.870000
763,Entry short,2025-11-05 08:15,3314.430000,5,-167.500000,-1.0100,210.950000,302.850000,4978.870000
762,Exit long,2025-11-05 08:15,3314.430000,4,-744.600000,-5.3200,342.160000,1782.320000,5146.370000
762,Entry long,2025-11-04 14:15,3500.580000,4,-744.600000,-5.3200,342.160000,1782.320000,5146.370000
761,Exit short,2025-11-04 14:15,3500.580000,3,-94.770000,-0.9100,26.970000,195.450000,5890.970000
761,Entry short,2025-11-04 08:15,3468.990000,3,-94.770000,-0.9100,26.970000,195.450000,5890.970000
760,Exit long,2025-11-04 08:15,3468.990000,2,-509.520000,-6.8400,28.220000,517.500000,5985.740000
760,Entry long,2025-11-03 14:15,3723.750000,2,-509.520000,-6.8400,28.220000,517.500000,5985.740000
759,Exit short,2025-11-03 14:15,3723.750000,1,-11.030000,-0.3000,62.590000,34.640000,6495.260000
759,Entry short,2025-11-03 08:15,3712.720000,1,-11.030000,-0.3000,62.590000,34.640000,6495.260000
758,Exit long,2025-11-03 00:15,3907.140000,14,684.600000,1.2700,794.640000,296.800000,6506.290000
758,Entry long,2025-11-02 14:15,3858.240000,14,684.600000,1.2700,794.640000,296.800000,6506.290000
757,Exit short,2025-11-02 14:15,3858.240000,13,573.820000,1.1300,664.820000,42.900000,5821.690000
757,Entry short,2025-11-02 08:15,3902.380000,13,573.820000,1.1300,664.820000,42.900000,5821.690000
756,Exit long,2025-11-02 08:15,3902.380000,12,530.400000,1.1500,705.840000,19.800000,5247.870000
756,Entry long,2025-11-01 14:15,3858.180000,12,530.400000,1.1500,705.840000,19.800000,5247.870000
755,Exit short,2025-11-01 14:15,3858.180000,11,55.110000,0.1300,82.830000,206.910000,4717.470000
755,Entry short,2025-11-01 08:15,3863.190000,11,55.110000,0.1300,82.830000,206.910000,4717.470000
754,Exit long,2025-11-01 08:15,3863.190000,10,168.400000,0.4400,585.500000,437.100000,4662.360000
754,Entry long,2025-10-31 14:15,3846.350000,10,168.400000,0.4400,585.500000,437.100000,4662.360000
753,Exit short,2025-10-31 14:15,3846.350000,9,-255.240000,-0.7400,3.690000,621.270000,4493.960000
753,Entry short,2025-10-31 08:15,3817.990000,9,-255.240000,-0.7400,3.690000,621.270000,4493.960000
752,Exit long,2025-10-31 08:15,3817.990000,8,205.040000,0.6800,637.120000,917.280000,4749.200000
752,Entry long,2025-10-30 14:15,3792.360000,8,205.040000,0.6800,637.120000,917.280000,4749.200000
751,Exit short,2025-10-30 14:15,3792.360000,7,938.280000,3.4100,1192.590000,52.710000,4544.160000
751,Entry short,2025-10-30 08:15,3926.400000,7,938.280000,3.4100,1192.590000,52.710000,4544.160000
750,Exit long,2025-10-30 08:15,3926.400000,6,-379.800000,-1.5900,164.460000,922.200000,3605.880000
750,Entry long,2025-10-29 14:15,3989.700000,6,-379.800000,-1.5900,164.460000,922.200000,3605.880000
749,Exit short,2025-10-29 14:15,3989.700000,5,102.300000,0.5100,198.850000,89.250000,3985.680000
749,Entry short,2025-10-29 08:15,4010.160000,5,102.300000,0.5100,198.850000,89.250000,3985.680000
748,Exit long,2025-10-29 08:15,4010.160000,4,-612.960000,-3.6800,42.720000,953.560000,3883.380000
748,Entry long,2025-10-28 14:15,4163.400000,4,-612.960000,-3.6800,42.720000,953.560000,3883.380000
747,Exit short,2025-10-28 14:15,4163.400000,3,-161.730000,-1.3100,43.470000,169.530000,4496.340000
747,Entry short,2025-10-28 08:15,4109.490000,3,-161.730000,-1.3100,43.470000,169.530000,4496.340000
746,Exit long,2025-10-28 08:15,4109.490000,2,-75.780000,-0.9100,168.520000,166.180000,4658.070000
746,Entry long,2025-10-27 14:15,4147.380000,2,-75.780000,-0.9100,168.520000,166.180000,4658.070000
745,Exit short,2025-10-27 14:15,4147.380000,1,39.830000,0.9500,62.200000,9.470000,4733.850000
745,Entry short,2025-10-27 08:15,4187.210000,1,39.830000,0.9500,62.200000,9.470000,4733.850000
744,Exit long,2025-10-27 00:15,4164.840000,14,1112.860000,1.9500,1314.880000,586.880000,4694.020000
744,Entry long,2025-10-26 14:15,4085.350000,14,1112.860000,1.9500,1314.880000,586.880000,4694.020000
743,Exit short,2025-10-26 14:15,4085.350000,13,-1707.550000,-3.3200,67.080000,1872.000000,3581.160000
743,Entry short,2025-10-26 08:15,3954.000000,13,-1707.550000,-3.3200,67.080000,1872.000000,3581.160000
742,Exit long,2025-10-26 08:15,3954.000000,12,124.080000,0.2600,303.240000,352.320000,5288.710000
742,Entry long,2025-10-25 14:15,3943.660000,12,124.080000,0.2600,303.240000,352.320000,5288.710000
741,Exit short,2025-10-25 14:15,3943.660000,11,-120.670000,-0.2800,29.590000,245.410000,5164.630000
741,Entry short,2025-10-25 08:15,3932.690000,11,-120.670000,-0.2800,29.590000,245.410000,5164.630000
740,Exit long,2025-10-25 08:15,3932.690000,10,-21.500000,-0.0500,284.200000,705.600000,5285.300000
740,Entry long,2025-10-24 14:15,3934.840000,10,-21.500000,-0.0500,284.200000,705.600000,5285.300000
739,Exit short,2025-10-24 14:15,3934.840000,9,58.950000,0.1700,264.510000,765.810000,5306.800000
739,Entry short,2025-10-24 08:15,3941.390000,9,58.950000,0.1700,264.510000,765.810000,5306.800000
738,Exit long,2025-10-24 08:15,3941.390000,8,1021.280000,3.3500,1394.160000,53.760000,5247.850000
738,Entry long,2025-10-23 14:15,3813.730000,8,1021.280000,3.3500,1394.160000,53.760000,5247.850000
737,Exit short,2025-10-23 14:15,3813.730000,7,553.210000,2.0300,582.190000,88.970000,4226.570000
737,Entry short,2025-10-23 08:15,3892.760000,7,553.210000,2.0300,582.190000,88.970000,4226.570000
736,Exit long,2025-10-23 08:15,3892.760000,6,315.840000,1.3700,341.280000,802.860000,3673.360000
736,Entry long,2025-10-22 14:15,3840.120000,6,315.840000,1.3700,341.280000,802.860000,3673.360000
735,Exit short,2025-10-22 14:15,3840.120000,5,69.050000,0.3600,444.650000,108.150000,3357.520000
735,Entry short,2025-10-22 08:15,3853.930000,5,69.050000,0.3600,444.650000,108.150000,3357.520000
734,Exit long,2025-10-22 08:15,3853.930000,4,-286.200000,-1.8200,731.720000,440.440000,3288.470000
734,Entry long,2025-10-21 14:15,3925.480000,4,-286.200000,-1.8200,731.720000,440.440000,3288.470000
733,Exit short,2025-10-21 14:15,3925.480000,3,-145.440000,-1.2500,80.940000,146.250000,3574.670000
733,Entry short,2025-10-21 08:15,3877.000000,3,-145.440000,-1.2500,80.940000,146.250000,3574.670000
732,Exit long,2025-10-21 08:15,3877.000000,2,-296.700000,-3.6900,47.220000,374.280000,3720.110000
732,Entry long,2025-10-20 14:15,4025.350000,2,-296.700000,-3.6900,47.220000,374.280000,3720.110000
731,Exit short,2025-10-20 14:15,4025.350000,1,21.230000,0.5200,36.000000,23.310000,4016.810000
731,Entry short,2025-10-20 08:15,4046.580000,1,21.230000,0.5200,36.000000,23.310000,4016.810000
730,Exit long,2025-10-20 00:15,3954.850000,14,-155.960000,-0.2800,896.140000,175.840000,3995.580000
730,Entry long,2025-10-19 14:15,3965.990000,14,-155.960000,-0.2800,896.140000,175.840000,3995.580000
729,Exit short,2025-10-19 14:15,3965.990000,13,-1035.840000,-2.0500,992.030000,1325.090000,4151.540000
729,Entry short,2025-10-19 08:15,3886.310000,13,-1035.840000,-2.0500,992.030000,1325.090000,4151.540000
728,Exit long,2025-10-19 08:15,3886.310000,12,400.800000,0.8700,798.840000,11.520000,5187.380000
728,Entry long,2025-10-18 14:15,3852.910000,12,400.800000,0.8700,798.840000,11.520000,5187.380000
727,Exit short,2025-10-18 14:15,3852.910000,11,475.530000,1.1100,550.330000,0.000000,4786.580000
727,Entry short,2025-10-18 08:15,3896.140000,11,475.530000,1.1100,550.330000,0.000000,4786.580000
726,Exit long,2025-10-18 08:15,3896.140000,10,1157.300000,3.0600,1455.900000,679.000000,4311.050000
726,Entry long,2025-10-17 14:15,3780.410000,10,1157.300000,3.0600,1455.900000,679.000000,4311.050000
725,Exit short,2025-10-17 14:15,3780.410000,9,-353.520000,-1.0500,631.170000,686.430000,3153.750000
725,Entry short,2025-10-17 08:15,3741.130000,9,-353.520000,-1.0500,631.170000,686.430000,3153.750000
724,Exit long,2025-10-17 08:15,3741.130000,8,-1955.200000,-6.1300,579.760000,2008.880000,3507.270000
724,Entry long,2025-10-16 14:15,3985.530000,8,-1955.200000,-6.1300,579.760000,2008.880000,3507.270000
723,Exit short,2025-10-16 14:15,3985.530000,7,129.640000,0.4600,467.250000,597.030000,5462.470000
723,Entry short,2025-10-16 08:15,4004.050000,7,129.640000,0.4600,467.250000,597.030000,5462.470000
722,Exit long,2025-10-16 08:15,4004.050000,6,-484.320000,-1.9800,79.320000,958.620000,5332.830000
722,Entry long,2025-10-15 14:15,4084.770000,6,-484.320000,-1.9800,79.320000,958.620000,5332.830000
721,Exit short,2025-10-15 14:15,4084.770000,5,255.050000,1.2300,598.900000,401.700000,5817.150000
721,Entry short,2025-10-15 08:15,4135.780000,5,255.050000,1.2300,598.900000,401.700000,5817.150000
720,Exit long,2025-10-15 08:15,4135.780000,4,613.200000,3.8500,723.080000,137.160000,5562.100000
720,Entry long,2025-10-14 14:15,3982.480000,4,613.200000,3.8500,723.080000,137.160000,5562.100000
719,Exit short,2025-10-14 14:15,3982.480000,3,9.450000,0.0800,301.620000,83.370000,4948.900000
719,Entry short,2025-10-14 08:15,3985.630000,3,9.450000,0.0800,301.620000,83.370000,4948.900000
718,Exit long,2025-10-14 08:15,3985.630000,2,-298.980000,-3.6200,315.820000,370.220000,4939.450000
718,Entry long,2025-10-13 14:15,4135.120000,2,-298.980000,-3.6200,315.820000,370.220000,4939.450000
717,Exit short,2025-10-13 14:15,4135.120000,1,49.990000,1.1900,150.990000,8.780000,5238.430000
717,Entry short,2025-10-13 08:15,4185.110000,1,49.990000,1.1900,150.990000,8.780000,5238.430000
716,Exit long,2025-10-13 00:15,4145.790000,14,4530.540000,8.4700,5289.480000,92.120000,5188.440000
716,Entry long,2025-10-12 14:15,3822.180000,14,4530.540000,8.4700,5289.480000,92.120000,5188.440000
715,Exit short,2025-10-12 14:15,3822.180000,13,121.290000,0.2400,516.360000,449.150000,657.900000
715,Entry short,2025-10-12 08:15,3831.510000,13,121.290000,0.2400,516.360000,449.150000,657.900000
714,Exit long,2025-10-12 08:15,3831.510000,12,150.240000,0.3300,413.280000,2147.880000,536.610000
714,Entry long,2025-10-11 14:15,3818.990000,12,150.240000,0.3300,413.280000,2147.880000,536.610000
713,Exit short,2025-10-11 14:15,3818.990000,11,-545.820000,-1.3200,1.650000,952.930000,386.370000
713,Entry short,2025-10-11 08:15,3769.370000,11,-545.820000,-1.3200,1.650000,952.930000,386.370000
712,Exit long,2025-10-11 08:15,3769.370000,10,-5797.500000,-13.3300,42.100000,9491.200000,932.190000
712,Entry long,2025-10-10 14:15,4349.120000,10,-5797.500000,-13.3300,42.100000,9491.200000,932.190000
711,Exit short,2025-10-10 14:15,4349.120000,9,-239.220000,-0.6100,60.750000,593.010000,6729.690000
711,Entry short,2025-10-10 08:15,4322.540000,9,-239.220000,-0.6100,60.750000,593.010000,6729.690000
710,Exit long,2025-10-10 08:15,4322.540000,8,-373.360000,-1.0700,182.320000,853.280000,6968.910000
710,Entry long,2025-10-09 14:15,4369.210000,8,-373.360000,-1.0700,182.320000,853.280000,6968.910000
709,Exit short,2025-10-09 14:15,4369.210000,7,223.020000,0.7200,591.360000,72.730000,7342.270000
709,Entry short,2025-10-09 08:15,4401.070000,7,223.020000,0.7200,591.360000,72.730000,7342.270000
708,Exit long,2025-10-09 08:15,4401.070000,6,-546.660000,-2.0300,387.420000,553.080000,7119.250000
708,Entry long,2025-10-08 14:15,4492.180000,6,-546.660000,-2.0300,387.420000,553.080000,7119.250000
707,Exit short,2025-10-08 14:15,4492.180000,5,-169.400000,-0.7600,110.700000,318.500000,7665.910000
707,Entry short,2025-10-08 08:15,4458.300000,5,-169.400000,-0.7600,110.700000,318.500000,7665.910000
706,Exit long,2025-10-08 08:15,4458.300000,4,-779.800000,-4.1900,87.000000,978.240000,7835.310000
706,Entry long,2025-10-07 14:15,4653.250000,4,-779.800000,-4.1900,87.000000,978.240000,7835.310000
705,Exit short,2025-10-07 14:15,4653.250000,3,-4.860000,-0.0300,46.890000,307.110000,8615.110000
705,Entry short,2025-10-07 08:15,4651.630000,3,-4.860000,-0.0300,46.890000,307.110000,8615.110000
704,Exit long,2025-10-07 08:15,4651.630000,2,22.620000,0.2400,189.340000,14.680000,8619.970000
704,Entry long,2025-10-06 14:15,4640.320000,2,22.620000,0.2400,189.340000,14.680000,8619.970000
703,Exit short,2025-10-06 14:15,4640.320000,1,-95.830000,-2.1100,6.170000,118.510000,8597.350000
703,Entry short,2025-10-06 08:15,4544.490000,1,-95.830000,-2.1100,6.170000,118.510000,8597.350000
702,Exit long,2025-10-06 00:15,4518.260000,14,-395.080000,-0.6200,33.600000,1060.360000,8693.180000
702,Entry long,2025-10-05 14:15,4546.480000,14,-395.080000,-0.6200,33.600000,1060.360000,8693.180000
701,Exit short,2025-10-05 14:15,4546.480000,13,609.700000,1.0200,933.010000,234.520000,9088.260000
701,Entry short,2025-10-05 08:15,4593.380000,13,609.700000,1.0200,933.010000,234.520000,9088.260000
700,Exit long,2025-10-05 08:15,4593.380000,12,1053.840000,1.9500,1354.560000,810.720000,8478.560000
700,Entry long,2025-10-04 14:15,4505.560000,12,1053.840000,1.9500,1354.560000,810.720000,8478.560000
699,Exit short,2025-10-04 14:15,4505.560000,11,-86.680000,-0.1800,261.470000,109.780000,7424.720000
699,Entry short,2025-10-04 08:15,4497.680000,11,-86.680000,-0.1800,261.470000,109.780000,7424.720000
698,Exit long,2025-10-04 08:15,4497.680000,10,485.800000,1.0900,1417.300000,154.600000,7511.400000
698,Entry long,2025-10-03 14:15,4449.100000,10,485.800000,1.0900,1417.300000,154.600000,7511.400000
697,Exit short,2025-10-03 14:15,4449.100000,9,-84.600000,-0.2100,123.300000,569.610000,7025.600000
697,Entry short,2025-10-03 08:15,4439.700000,9,-84.600000,-0.2100,123.300000,569.610000,7025.600000
696,Exit long,2025-10-03 08:15,4439.700000,8,336.880000,0.9600,1291.280000,522.880000,7110.200000
696,Entry long,2025-10-02 14:15,4397.590000,8,336.880000,0.9600,1291.280000,522.880000,7110.200000
695,Exit short,2025-10-02 14:15,4397.590000,7,-207.480000,-0.6800,11.270000,356.510000,6773.320000
695,Entry short,2025-10-02 08:15,4367.950000,7,-207.480000,-0.6800,11.270000,356.510000,6773.320000
694,Exit long,2025-10-02 08:15,4367.950000,6,384.540000,1.4900,710.640000,115.860000,6980.800000
694,Entry long,2025-10-01 14:15,4303.860000,6,384.540000,1.4900,710.640000,115.860000,6980.800000
693,Exit short,2025-10-01 14:15,4303.860000,5,-758.800000,-3.6600,36.150000,884.500000,6596.260000
693,Entry short,2025-10-01 08:15,4152.100000,5,-758.800000,-3.6600,36.150000,884.500000,6596.260000
692,Exit long,2025-10-01 08:15,4152.100000,4,47.840000,0.2900,239.000000,196.560000,7355.060000
692,Entry long,2025-09-30 14:15,4140.140000,4,47.840000,0.2900,239.000000,196.560000,7355.060000
691,Exit short,2025-09-30 14:15,4140.140000,3,110.790000,0.8800,148.290000,5.730000,7307.220000
691,Entry short,2025-09-30 08:15,4177.070000,3,110.790000,0.8800,148.290000,5.730000,7307.220000
690,Exit long,2025-09-30 08:15,4177.070000,2,-4.760000,-0.0600,134.840000,108.480000,7196.430000
690,Entry long,2025-09-29 14:15,4179.450000,2,-4.760000,-0.0600,134.840000,108.480000,7196.430000
689,Exit short,2025-09-29 14:15,4179.450000,1,-71.470000,-1.7400,27.980000,76.420000,7201.190000
689,Entry short,2025-09-29 08:15,4107.980000,1,-71.470000,-1.7400,27.980000,76.420000,7201.190000
688,Exit long,2025-09-29 00:15,4134.870000,14,1717.660000,3.0600,1845.340000,12.740000,7272.660000
688,Entry long,2025-09-28 14:15,4012.180000,14,1717.660000,3.0600,1845.340000,12.740000,7272.660000
687,Exit short,2025-09-28 14:15,4012.180000,13,-21.840000,-0.0400,616.200000,160.160000,5555.000000
687,Entry short,2025-09-28 08:15,4010.500000,13,-21.840000,-0.0400,616.200000,160.160000,5555.000000
686,Exit long,2025-09-28 08:15,4010.500000,12,-138.000000,-0.2900,119.880000,508.800000,5576.840000
686,Entry long,2025-09-27 14:15,4022.000000,12,-138.000000,-0.2900,119.880000,508.800000,5576.840000
685,Exit short,2025-09-27 14:15,4022.000000,11,-363.770000,-0.8300,192.280000,546.590000,5714.840000
685,Entry short,2025-09-27 08:15,3988.930000,11,-363.770000,-0.8300,192.280000,546.590000,5714.840000
684,Exit long,2025-09-27 08:15,3988.930000,10,442.100000,1.1200,1216.700000,247.600000,6078.610000
684,Entry long,2025-09-26 14:15,3944.720000,10,442.100000,1.1200,1216.700000,247.600000,6078.610000
683,Exit short,2025-09-26 14:15,3944.720000,9,-80.010000,-0.2300,583.470000,442.530000,5636.510000
683,Entry short,2025-09-26 08:15,3935.830000,9,-80.010000,-0.2300,583.470000,442.530000,5636.510000
682,Exit long,2025-09-26 08:15,3935.830000,8,-508.480000,-1.5900,178.880000,1419.120000,5716.520000
682,Entry long,2025-09-25 14:15,3999.390000,8,-508.480000,-1.5900,178.880000,1419.120000,5716.520000
681,Exit short,2025-09-25 14:15,3999.390000,7,211.470000,0.7500,827.470000,157.150000,6225.000000
681,Entry short,2025-09-25 08:15,4029.600000,7,211.470000,0.7500,827.470000,157.150000,6225.000000
680,Exit long,2025-09-25 08:15,4029.600000,6,-818.400000,-3.2700,233.940000,1230.000000,6013.530000
680,Entry long,2025-09-24 14:15,4166.000000,6,-818.400000,-3.2700,233.940000,1230.000000,6013.530000
679,Exit short,2025-09-24 14:15,4166.000000,5,44.150000,0.2100,149.150000,111.150000,6831.930000
679,Entry short,2025-09-24 08:15,4174.830000,5,44.150000,0.2100,149.150000,111.150000,6831.930000
678,Exit long,2025-09-24 08:15,4174.830000,4,-85.680000,-0.5100,38.840000,505.000000,6787.780000
678,Entry long,2025-09-23 14:15,4196.250000,4,-85.680000,-0.5100,38.840000,505.000000,6787.780000
677,Exit short,2025-09-23 14:15,4196.250000,3,25.980000,0.2100,88.410000,75.450000,6873.460000
677,Entry short,2025-09-23 08:15,4204.910000,3,25.980000,0.2100,88.410000,75.450000,6873.460000
676,Exit long,2025-09-23 08:15,4204.910000,2,17.820000,0.2100,42.980000,167.140000,6847.480000
676,Entry long,2025-09-22 14:15,4196.000000,2,17.820000,0.2100,42.980000,167.140000,6847.480000
675,Exit short,2025-09-22 14:15,4196.000000,1,0.640000,0.0200,61.640000,18.610000,6829.660000
675,Entry short,2025-09-22 08:15,4196.640000,1,0.640000,0.0200,61.640000,18.610000,6829.660000
674,Exit long,2025-09-22 00:15,4447.640000,14,-410.760000,-0.6600,280.420000,573.720000,6829.020000
674,Entry long,2025-09-21 14:15,4476.980000,14,-410.760000,-0.6600,280.420000,573.720000,6829.020000
673,Exit short,2025-09-21 14:15,4476.980000,13,-60.190000,-0.1000,419.640000,99.450000,7239.780000
673,Entry short,2025-09-21 08:15,4472.350000,13,-60.190000,-0.1000,419.640000,99.450000,7239.780000
672,Exit long,2025-09-21 08:15,4472.350000,12,95.520000,0.1800,508.320000,121.200000,7299.970000
672,Entry long,2025-09-20 14:15,4464.390000,12,95.520000,0.1800,508.320000,121.200000,7299.970000
671,Exit short,2025-09-20 14:15,4464.390000,11,113.080000,0.2300,236.060000,18.480000,7204.450000
671,Entry short,2025-09-20 08:15,4474.670000,11,113.080000,0.2300,236.060000,18.480000,7204.450000
670,Exit long,2025-09-20 08:15,4474.670000,10,-618.900000,-1.3600,54.400000,1035.600000,7091.370000
670,Entry long,2025-09-19 14:15,4536.560000,10,-618.900000,-1.3600,54.400000,1035.600000,7091.370000
669,Exit short,2025-09-19 14:15,4536.560000,9,34.470000,0.0800,316.440000,57.510000,7710.270000
669,Entry short,2025-09-19 08:15,4540.390000,9,34.470000,0.0800,316.440000,57.510000,7710.270000
668,Exit long,2025-09-19 08:15,4540.390000,8,-517.760000,-1.4100,237.840000,715.680000,7675.800000
668,Entry long,2025-09-18 14:15,4605.110000,8,-517.760000,-1.4100,237.840000,715.680000,7675.800000
667,Exit short,2025-09-18 14:15,4605.110000,7,-168.140000,-0.5200,181.440000,254.870000,8193.560000
667,Entry short,2025-09-18 08:15,4581.090000,7,-168.140000,-0.5200,181.440000,254.870000,8193.560000
666,Exit long,2025-09-18 08:15,4581.090000,6,493.740000,1.8300,862.800000,568.320000,8361.700000
666,Entry long,2025-09-17 14:15,4498.800000,6,493.740000,1.8300,862.800000,568.320000,8361.700000
665,Exit short,2025-09-17 14:15,4498.800000,5,81.400000,0.3600,190.400000,32.350000,7867.960000
665,Entry short,2025-09-17 08:15,4515.080000,5,81.400000,0.3600,190.400000,32.350000,7867.960000
664,Exit long,2025-09-17 08:15,4515.080000,4,330.320000,1.8600,486.360000,29.200000,7786.560000
664,Entry long,2025-09-16 14:15,4432.500000,4,330.320000,1.8600,486.360000,29.200000,7786.560000
663,Exit short,2025-09-16 14:15,4432.500000,3,279.180000,2.0600,313.650000,13.020000,7456.240000
663,Entry short,2025-09-16 08:15,4525.560000,3,279.180000,2.0600,313.650000,13.020000,7456.240000
662,Exit long,2025-09-16 08:15,4525.560000,2,33.740000,0.3700,55.240000,91.380000,7177.060000
662,Entry long,2025-09-15 14:15,4508.690000,2,33.740000,0.3700,55.240000,91.380000,7177.060000
661,Exit short,2025-09-15 14:15,4508.690000,1,53.630000,1.1800,73.550000,6.680000,7143.320000
661,Entry short,2025-09-15 08:15,4562.320000,1,53.630000,1.1800,73.550000,6.680000,7143.320000
660,Exit long,2025-09-15 00:15,4596.560000,14,-477.820000,-0.7400,60.340000,779.660000,7089.690000
660,Entry long,2025-09-14 14:15,4630.690000,14,-477.820000,-0.7400,60.340000,779.660000,7089.690000
659,Exit short,2025-09-14 14:15,4630.690000,13,288.470000,0.4800,638.300000,256.490000,7567.510000
659,Entry short,2025-09-14 08:15,4652.880000,13,288.470000,0.4800,638.300000,256.490000,7567.510000
658,Exit long,2025-09-14 08:15,4652.880000,12,-358.680000,-0.6400,293.040000,957.240000,7279.040000
658,Entry long,2025-09-13 14:15,4682.770000,12,-358.680000,-0.6400,293.040000,957.240000,7279.040000
657,Exit short,2025-09-13 14:15,4682.770000,11,374.440000,0.7200,734.910000,236.720000,7637.720000
657,Entry short,2025-09-13 08:15,4716.810000,11,374.440000,0.7200,734.910000,236.720000,7637.720000
656,Exit long,2025-09-13 08:15,4716.810000,10,1722.000000,3.7900,2233.900000,226.100000,7263.280000
656,Entry long,2025-09-12 14:15,4544.610000,10,1722.000000,3.7900,2233.900000,226.100000,7263.280000
655,Exit short,2025-09-12 14:15,4544.610000,9,-186.660000,-0.4600,199.890000,352.170000,5541.280000
655,Entry short,2025-09-12 08:15,4523.870000,9,-186.660000,-0.4600,199.890000,352.170000,5541.280000
654,Exit long,2025-09-12 08:15,4523.870000,8,914.720000,2.5900,1219.760000,124.160000,5727.940000
654,Entry long,2025-09-11 14:15,4409.530000,8,914.720000,2.5900,1219.760000,124.160000,5727.940000
653,Exit short,2025-09-11 14:15,4409.530000,7,157.360000,0.5100,721.910000,360.010000,4813.220000
653,Entry short,2025-09-11 08:15,4432.010000,7,157.360000,0.5100,721.910000,360.010000,4813.220000
652,Exit long,2025-09-11 08:15,4432.010000,6,-14.220000,-0.0500,95.340000,824.220000,4655.860000
652,Entry long,2025-09-10 14:15,4434.380000,6,-14.220000,-0.0500,95.340000,824.220000,4655.860000
651,Exit short,2025-09-10 14:15,4434.380000,5,-515.900000,-2.3800,128.150000,611.800000,4670.080000
651,Entry short,2025-09-10 08:15,4331.200000,5,-515.900000,-2.3800,128.150000,611.800000,4670.080000
650,Exit long,2025-09-10 08:15,4331.200000,4,-12.280000,-0.0700,3.320000,237.080000,5185.980000
650,Entry long,2025-09-09 14:15,4334.270000,4,-12.280000,-0.0700,3.320000,237.080000,5185.980000
649,Exit short,2025-09-09 14:15,4334.270000,3,65.010000,0.5000,154.920000,31.470000,5198.260000
649,Entry short,2025-09-09 08:15,4355.940000,3,65.010000,0.5000,154.920000,31.470000,5198.260000
648,Exit long,2025-09-09 08:15,4355.940000,2,61.220000,0.7100,114.840000,100.660000,5133.250000
648,Entry long,2025-09-08 14:15,4325.330000,2,61.220000,0.7100,114.840000,100.660000,5133.250000
647,Exit short,2025-09-08 14:15,4325.330000,1,-35.080000,-0.8200,3.350000,71.770000,5072.030000
647,Entry short,2025-09-08 08:15,4290.250000,1,-35.080000,-0.8200,3.350000,71.770000,5072.030000
646,Exit long,2025-09-08 00:15,4301.740000,14,13.020000,0.0200,493.360000,467.180000,5107.110000
646,Entry long,2025-09-07 14:15,4300.810000,14,13.020000,0.0200,493.360000,467.180000,5107.110000
645,Exit short,2025-09-07 14:15,4300.810000,13,-10.530000,-0.0200,175.240000,181.870000,5094.090000
645,Entry short,2025-09-07 08:15,4300.000000,13,-10.530000,-0.0200,175.240000,181.870000,5094.090000
644,Exit long,2025-09-07 08:15,4300.000000,12,72.120000,0.1400,142.680000,887.880000,5104.620000
644,Entry long,2025-09-06 14:15,4293.990000,12,72.120000,0.1400,142.680000,887.880000,5104.620000
643,Exit short,2025-09-06 14:15,4293.990000,11,121.990000,0.2600,236.830000,71.830000,5032.500000
643,Entry short,2025-09-06 08:15,4305.080000,11,121.990000,0.2600,236.830000,71.830000,5032.500000
642,Exit long,2025-09-06 08:15,4305.080000,10,-949.300000,-2.1600,9.800000,1475.400000,4910.510000
642,Entry long,2025-09-05 14:15,4400.010000,10,-949.300000,-2.1600,9.800000,1475.400000,4910.510000
641,Exit short,2025-09-05 14:15,4400.010000,9,-23.040000,-0.0600,242.550000,873.000000,5859.810000
641,Entry short,2025-09-05 08:15,4397.450000,9,-23.040000,-0.0600,242.550000,873.000000,5859.810000
640,Exit long,2025-09-05 08:15,4397.450000,8,485.120000,1.4000,719.680000,590.480000,5882.850000
640,Entry long,2025-09-04 14:15,4336.810000,8,485.120000,1.4000,719.680000,590.480000,5882.850000
639,Exit short,2025-09-04 14:15,4336.810000,7,303.380000,0.9900,379.050000,362.950000,5397.730000
639,Entry short,2025-09-04 08:15,4380.150000,7,303.380000,0.9900,379.050000,362.950000,5397.730000
638,Exit long,2025-09-04 08:15,4380.150000,6,-223.620000,-0.8400,425.640000,384.360000,5094.350000
638,Entry long,2025-09-03 14:15,4417.420000,6,-223.620000,-0.8400,425.640000,384.360000,5094.350000
637,Exit short,2025-09-03 14:15,4417.420000,5,-481.500000,-2.2300,104.050000,657.850000,5317.970000
637,Entry short,2025-09-03 08:15,4321.120000,5,-481.500000,-2.2300,104.050000,657.850000,5317.970000
636,Exit long,2025-09-03 08:15,4321.120000,4,-125.040000,-0.7200,94.080000,392.200000,5799.470000
636,Entry long,2025-09-02 14:15,4352.380000,4,-125.040000,-0.7200,94.080000,392.200000,5799.470000
635,Exit short,2025-09-02 14:15,4352.380000,3,50.940000,0.3900,301.470000,113.100000,5924.510000
635,Entry short,2025-09-02 08:15,4369.360000,3,50.940000,0.3900,301.470000,113.100000,5924.510000
634,Exit long,2025-09-02 08:15,4369.360000,2,-53.260000,-0.6100,37.480000,381.000000,5873.570000
634,Entry long,2025-09-01 14:15,4395.990000,2,-53.260000,-0.6100,37.480000,381.000000,5873.570000
633,Exit short,2025-09-01 14:15,4395.990000,1,76.500000,1.7100,102.480000,9.440000,5926.830000
633,Entry short,2025-09-01 08:15,4472.490000,1,76.500000,1.7100,102.480000,9.440000,5926.830000
632,Exit long,2025-09-01 00:15,4384.500000,14,-1004.780000,-1.6100,458.220000,1235.780000,5850.330000
632,Entry long,2025-08-31 14:15,4456.270000,14,-1004.780000,-1.6100,458.220000,1235.780000,5850.330000
631,Exit short,2025-08-31 14:15,4456.270000,13,19.500000,0.0300,257.010000,522.990000,6855.110000
631,Entry short,2025-08-31 08:15,4457.770000,13,19.500000,0.0300,257.010000,522.990000,6855.110000
630,Exit long,2025-08-31 08:15,4457.770000,12,1368.600000,2.6300,1753.560000,140.640000,6835.610000
630,Entry long,2025-08-30 14:15,4343.720000,12,1368.600000,2.6300,1753.560000,140.640000,6835.610000
629,Exit short,2025-08-30 14:15,4343.720000,11,553.080000,1.1400,710.050000,132.330000,5467.010000
629,Entry short,2025-08-30 08:15,4394.000000,11,553.080000,1.1400,710.050000,132.330000,5467.010000
628,Exit long,2025-08-30 08:15,4394.000000,10,1079.500000,2.5200,1284.000000,310.800000,4913.930000
628,Entry long,2025-08-29 14:15,4286.050000,10,1079.500000,2.5200,1284.000000,310.800000,4913.930000
627,Exit short,2025-08-29 14:15,4286.050000,9,773.460000,1.9700,969.300000,758.250000,3834.430000
627,Entry short,2025-08-29 08:15,4371.990000,9,773.460000,1.9700,969.300000,758.250000,3834.430000
626,Exit long,2025-08-29 08:15,4371.990000,8,-1666.400000,-4.5500,70.720000,1721.520000,3060.970000
626,Entry long,2025-08-28 14:15,4580.290000,8,-1666.400000,-4.5500,70.720000,1721.520000,3060.970000
625,Exit short,2025-08-28 14:15,4580.290000,7,258.790000,0.8000,397.880000,25.830000,4727.370000
625,Entry short,2025-08-28 08:15,4617.260000,7,258.790000,0.8000,397.880000,25.830000,4727.370000
624,Exit long,2025-08-28 08:15,4617.260000,6,84.480000,0.3100,355.920000,829.080000,4468.580000
624,Entry long,2025-08-27 14:15,4603.180000,6,84.480000,0.3100,355.920000,829.080000,4468.580000
623,Exit short,2025-08-27 14:15,4603.180000,5,-176.150000,-0.7700,74.750000,449.250000,4384.100000
623,Entry short,2025-08-27 08:15,4567.950000,5,-176.150000,-0.7700,74.750000,449.250000,4384.100000
622,Exit long,2025-08-27 08:15,4567.950000,4,412.960000,2.3100,716.880000,25.880000,4560.250000
622,Entry long,2025-08-26 14:15,4464.710000,4,412.960000,2.3100,716.880000,25.880000,4560.250000
621,Exit short,2025-08-26 14:15,4464.710000,3,-96.480000,-0.7300,88.650000,309.030000,4147.290000
621,Entry short,2025-08-26 08:15,4432.550000,3,-96.480000,-0.7300,88.650000,309.030000,4147.290000
620,Exit long,2025-08-26 08:15,4432.550000,2,-459.020000,-4.9200,42.400000,704.120000,4243.770000
620,Entry long,2025-08-25 14:15,4662.060000,2,-459.020000,-4.9200,42.400000,704.120000,4243.770000
619,Exit short,2025-08-25 14:15,4662.060000,1,-72.590000,-1.5800,71.470000,84.530000,4702.790000
619,Entry short,2025-08-25 08:15,4589.470000,1,-72.590000,-1.5800,71.470000,84.530000,4702.790000
618,Exit long,2025-08-25 00:15,4786.560000,14,248.920000,0.3700,2644.460000,928.340000,4775.380000
618,Entry long,2025-08-24 14:15,4768.780000,14,248.920000,0.3700,2644.460000,928.340000,4775.380000
617,Exit short,2025-08-24 14:15,4768.780000,13,19.110000,0.0300,683.410000,200.980000,4526.460000
617,Entry short,2025-08-24 08:15,4770.250000,13,19.110000,0.0300,683.410000,200.980000,4526.460000
616,Exit long,2025-08-24 08:15,4770.250000,12,527.040000,0.9300,1082.640000,135.960000,4507.350000
616,Entry long,2025-08-23 14:15,4726.330000,12,527.040000,0.9300,1082.640000,135.960000,4507.350000
615,Exit short,2025-08-23 14:15,4726.330000,11,-104.170000,-0.2000,307.010000,309.210000,3980.310000
615,Entry short,2025-08-23 08:15,4716.860000,11,-104.170000,-0.2000,307.010000,309.210000,3980.310000
614,Exit long,2025-08-23 08:15,4716.860000,10,1233.200000,2.6800,2949.500000,582.300000,4084.480000
614,Entry long,2025-08-22 14:15,4593.540000,10,1233.200000,2.6800,2949.500000,582.300000,4084.480000
613,Exit short,2025-08-22 14:15,4593.540000,9,-2262.870000,-5.7900,1224.990000,2320.920000,2851.280000
613,Entry short,2025-08-22 08:15,4342.110000,9,-2262.870000,-5.7900,1224.990000,2320.920000,2851.280000
612,Exit long,2025-08-22 08:15,4342.110000,8,357.520000,1.0400,410.480000,763.360000,5114.150000
612,Entry long,2025-08-21 14:15,4297.420000,8,357.520000,1.0400,410.480000,763.360000,5114.150000
611,Exit short,2025-08-21 14:15,4297.420000,7,86.590000,0.2900,523.530000,1.470000,4756.630000
611,Entry short,2025-08-21 08:15,4309.790000,7,86.590000,0.2900,523.530000,1.470000,4756.630000
610,Exit long,2025-08-21 08:15,4309.790000,6,1107.600000,4.4700,1505.640000,125.160000,4670.040000
610,Entry long,2025-08-20 14:15,4125.190000,6,1107.600000,4.4700,1505.640000,125.160000,4670.040000
609,Exit short,2025-08-20 14:15,4125.190000,5,393.250000,1.8700,465.250000,180.800000,3562.440000
609,Entry short,2025-08-20 08:15,4203.840000,5,393.250000,1.8700,465.250000,180.800000,3562.440000
608,Exit long,2025-08-20 08:15,4203.840000,4,-270.400000,-1.5800,14.240000,845.760000,3169.190000
608,Entry long,2025-08-19 14:15,4271.440000,4,-270.400000,-1.5800,14.240000,845.760000,3169.190000
607,Exit short,2025-08-19 14:15,4271.440000,3,-102.690000,-0.8100,50.460000,308.370000,3439.590000
607,Entry short,2025-08-19 08:15,4237.210000,3,-102.690000,-0.8100,50.460000,308.370000,3439.590000
606,Exit long,2025-08-19 08:15,4237.210000,2,-149.720000,-1.7400,148.280000,240.120000,3542.280000
606,Entry long,2025-08-18 14:15,4312.070000,2,-149.720000,-1.7400,148.280000,240.120000,3542.280000
605,Exit short,2025-08-18 14:15,4312.070000,1,-47.840000,-1.1200,40.130000,103.780000,3692.000000
605,Entry short,2025-08-18 08:15,4264.230000,1,-47.840000,-1.1200,40.130000,103.780000,3692.000000
604,Exit long,2025-08-18 00:15,4475.450000,14,-908.740000,-1.4300,339.220000,1724.660000,3739.840000
604,Entry long,2025-08-17 14:15,4540.360000,14,-908.740000,-1.4300,339.220000,1724.660000,3739.840000
603,Exit short,2025-08-17 14:15,4540.360000,13,-1029.860000,-1.7800,22.360000,1479.530000,4648.580000
603,Entry short,2025-08-17 08:15,4461.140000,13,-1029.860000,-1.7800,22.360000,1479.530000,4648.580000
602,Exit long,2025-08-17 08:15,4461.140000,12,765.960000,1.4500,1098.120000,149.640000,5678.440000
602,Entry long,2025-08-16 14:15,4397.310000,12,765.960000,1.4500,1098.120000,149.640000,5678.440000
601,Exit short,2025-08-16 14:15,4397.310000,11,490.160000,1.0000,790.570000,166.430000,4912.480000
601,Entry short,2025-08-16 08:15,4441.870000,11,490.160000,1.0000,790.570000,166.430000,4912.480000
600,Exit long,2025-08-16 08:15,4441.870000,10,-1175.000000,-2.5800,178.600000,1953.700000,4422.320000
600,Entry long,2025-08-15 14:15,4559.370000,10,-1175.000000,-2.5800,178.600000,1953.700000,4422.320000
599,Exit short,2025-08-15 14:15,4559.370000,9,682.020000,1.6300,1047.600000,315.720000,5597.320000
599,Entry short,2025-08-15 08:15,4635.150000,9,682.020000,1.6300,1047.600000,315.720000,5597.320000
598,Exit long,2025-08-15 08:15,4635.150000,8,314.880000,0.8600,859.840000,1158.320000,4915.300000
598,Entry long,2025-08-14 14:15,4595.790000,8,314.880000,0.8600,859.840000,1158.320000,4915.300000
597,Exit short,2025-08-14 14:15,4595.790000,7,963.760000,2.9100,1949.290000,234.710000,4600.420000
597,Entry short,2025-08-14 08:15,4733.470000,7,963.760000,2.9100,1949.290000,234.710000,4600.420000
596,Exit long,2025-08-14 08:15,4733.470000,6,404.760000,1.4500,767.940000,317.400000,3636.660000
596,Entry long,2025-08-13 14:15,4666.010000,6,404.760000,1.4500,767.940000,317.400000,3636.660000
595,Exit short,2025-08-13 14:15,4666.010000,5,-165.150000,-0.7100,129.900000,518.900000,3231.900000
595,Entry short,2025-08-13 08:15,4632.980000,5,-165.150000,-0.7100,129.900000,518.900000,3231.900000
594,Exit long,2025-08-13 08:15,4632.980000,4,945.960000,5.3800,1142.040000,53.720000,3397.050000
594,Entry long,2025-08-12 14:15,4396.490000,4,945.960000,5.3800,1142.040000,53.720000,3397.050000
593,Exit short,2025-08-12 14:15,4396.490000,3,-279.540000,-2.1700,143.250000,392.070000,2451.090000
593,Entry short,2025-08-12 08:15,4303.310000,3,-279.540000,-2.1700,143.250000,392.070000,2451.090000
592,Exit long,2025-08-12 08:15,4303.310000,2,60.960000,0.7100,194.340000,174.460000,2730.630000
592,Entry long,2025-08-11 14:15,4272.830000,2,60.960000,0.7100,194.340000,174.460000,2730.630000
591,Exit short,2025-08-11 14:15,4272.830000,1,1.140000,0.0300,109.740000,31.640000,2669.670000
591,Entry short,2025-08-11 08:15,4273.970000,1,1.140000,0.0300,109.740000,31.640000,2669.670000
590,Exit long,2025-08-11 00:15,4248.750000,14,800.660000,1.3600,929.600000,105.140000,2668.530000
590,Entry long,2025-08-10 14:15,4191.560000,14,800.660000,1.3600,929.600000,105.140000,2668.530000
589,Exit short,2025-08-10 14:15,4191.560000,13,-7.410000,-0.0100,402.870000,533.130000,1867.870000
589,Entry short,2025-08-10 08:15,4190.990000,13,-7.410000,-0.0100,402.870000,533.130000,1867.870000
588,Exit long,2025-08-10 08:15,4190.990000,12,76.800000,0.1500,1768.800000,282.840000,1875.280000
588,Entry long,2025-08-09 14:15,4184.590000,12,76.800000,0.1500,1768.800000,282.840000,1875.280000
587,Exit short,2025-08-09 14:15,4184.590000,11,-91.080000,-0.2000,261.140000,798.160000,1798.480000
587,Entry short,2025-08-09 08:15,4176.310000,11,-91.080000,-0.2000,261.140000,798.160000,1798.480000
586,Exit long,2025-08-09 08:15,4176.310000,10,2107.300000,5.3100,2544.200000,405.800000,1889.560000
586,Entry long,2025-08-08 14:15,3965.580000,10,2107.300000,5.3100,2544.200000,405.800000,1889.560000
585,Exit short,2025-08-08 14:15,3965.580000,9,-395.640000,-1.1200,346.590000,805.230000,-217.740000
585,Entry short,2025-08-08 08:15,3921.620000,9,-395.640000,-1.1200,346.590000,805.230000,-217.740000
584,Exit long,2025-08-08 08:15,3921.620000,8,741.280000,2.4200,1118.800000,414.560000,177.900000
584,Entry long,2025-08-07 14:15,3828.960000,8,741.280000,2.4200,1118.800000,414.560000,177.900000
583,Exit short,2025-08-07 14:15,3828.960000,7,-801.010000,-3.0800,24.220000,1050.070000,-563.380000
583,Entry short,2025-08-07 08:15,3714.530000,7,-801.010000,-3.0800,24.220000,1050.070000,-563.380000
582,Exit long,2025-08-07 08:15,3714.530000,6,640.980000,2.9600,690.540000,129.480000,237.630000
582,Entry long,2025-08-06 14:15,3607.700000,6,640.980000,2.9600,690.540000,129.480000,237.630000
581,Exit short,2025-08-06 14:15,3607.700000,5,86.700000,0.4800,269.950000,94.800000,-403.350000
581,Entry short,2025-08-06 08:15,3625.040000,5,86.700000,0.4800,269.950000,94.800000,-403.350000
580,Exit long,2025-08-06 08:15,3625.040000,4,66.840000,0.4600,212.280000,263.000000,-490.050000
580,Entry long,2025-08-05 14:15,3608.330000,4,66.840000,0.4600,212.280000,263.000000,-490.050000
579,Exit short,2025-08-05 14:15,3608.330000,3,9.210000,0.0900,30.660000,242.700000,-556.890000
579,Entry short,2025-08-05 08:15,3611.400000,3,9.210000,0.0900,30.660000,242.700000,-556.890000
578,Exit long,2025-08-05 08:15,3611.400000,2,-73.800000,-1.0100,173.400000,99.120000,-566.100000
578,Entry long,2025-08-04 14:15,3648.300000,2,-73.800000,-1.0100,173.400000,99.120000,-566.100000
577,Exit short,2025-08-04 14:15,3648.300000,1,-93.490000,-2.6300,15.020000,99.900000,-492.300000
577,Entry short,2025-08-04 08:15,3554.810000,1,-93.490000,-2.6300,15.020000,99.900000,-492.300000
576,Exit long,2025-08-04 00:15,3498.140000,14,243.040000,0.5000,562.660000,391.860000,-398.810000
576,Entry long,2025-08-03 14:15,3480.780000,14,243.040000,0.5000,562.660000,391.860000,-398.810000
575,Exit short,2025-08-03 14:15,3480.780000,13,-199.810000,-0.4400,176.670000,631.670000,-641.850000
575,Entry short,2025-08-03 08:15,3465.410000,13,-199.810000,-0.4400,176.670000,631.670000,-641.850000
574,Exit long,2025-08-03 08:15,3465.410000,12,-442.320000,-1.0500,2.040000,1785.120000,-442.040000
574,Entry long,2025-08-02 14:15,3502.270000,12,-442.320000,-1.0500,2.040000,1785.120000,-442.040000
573,Exit short,2025-08-02 14:15,3502.270000,11,144.540000,0.3700,477.400000,83.490000,0.280000
573,Entry short,2025-08-02 08:15,3515.410000,11,144.540000,0.3700,477.400000,83.490000,0.280000
572,Exit long,2025-08-02 08:15,3515.410000,10,-999.400000,-2.7600,396.200000,1864.900000,-144.260000
572,Entry long,2025-08-01 14:15,3615.350000,10,-999.400000,-2.7600,396.200000,1864.900000,-144.260000
571,Exit short,2025-08-01 14:15,3615.350000,9,-29.970000,-0.0900,449.730000,565.380000,855.140000
571,Entry short,2025-08-01 08:15,3612.020000,9,-29.970000,-0.0900,449.730000,565.380000,855.140000
570,Exit long,2025-08-01 08:15,3612.020000,8,-1455.680000,-4.8000,184.080000,1613.200000,885.110000
570,Entry long,2025-07-31 14:15,3793.980000,8,-1455.680000,-4.8000,184.080000,1613.200000,885.110000
569,Exit short,2025-07-31 14:15,3793.980000,7,474.040000,1.7500,543.200000,78.960000,2340.790000
569,Entry short,2025-07-31 08:15,3861.700000,7,474.040000,1.7500,543.200000,78.960000,2340.790000
568,Exit long,2025-07-31 08:15,3861.700000,6,499.920000,2.2100,597.720000,650.280000,1866.750000
568,Entry long,2025-07-30 14:15,3778.380000,6,499.920000,2.2100,597.720000,650.280000,1866.750000
567,Exit short,2025-07-30 14:15,3778.380000,5,109.000000,0.5700,290.900000,120.400000,1366.830000
567,Entry short,2025-07-30 08:15,3800.180000,5,109.000000,0.5700,290.900000,120.400000,1366.830000
566,Exit long,2025-07-30 08:15,3800.180000,4,-35.560000,-0.2300,94.160000,387.320000,1257.830000
566,Entry long,2025-07-29 14:15,3809.070000,4,-35.560000,-0.2300,94.160000,387.320000,1257.830000
565,Exit short,2025-07-29 14:15,3809.070000,3,182.850000,1.5700,240.060000,42.780000,1293.390000
565,Entry short,2025-07-29 08:15,3870.020000,3,182.850000,1.5700,240.060000,42.780000,1293.390000
564,Exit long,2025-07-29 08:15,3870.020000,2,69.500000,0.9100,100.320000,216.120000,1110.540000
564,Entry long,2025-07-28 14:15,3835.270000,2,69.500000,0.9100,100.320000,216.120000,1110.540000
563,Exit short,2025-07-28 14:15,3835.270000,1,51.240000,1.3200,61.500000,13.210000,1041.040000
563,Entry short,2025-07-28 08:15,3886.510000,1,51.240000,1.3200,61.500000,13.210000,1041.040000
562,Exit long,2025-07-28 00:15,3880.600000,14,972.020000,1.8200,989.940000,287.840000,989.800000
562,Entry long,2025-07-27 14:15,3811.170000,14,972.020000,1.8200,989.940000,287.840000,989.800000
561,Exit short,2025-07-27 14:15,3811.170000,13,-549.640000,-1.1200,280.410000,924.430000,17.780000
561,Entry short,2025-07-27 08:15,3768.890000,13,-549.640000,-1.1200,280.410000,924.430000,17.780000
560,Exit long,2025-07-27 08:15,3768.890000,12,358.560000,0.8000,855.240000,397.080000,567.420000
560,Entry long,2025-07-26 14:15,3739.010000,12,358.560000,0.8000,855.240000,397.080000,567.420000
559,Exit short,2025-07-26 14:15,3739.010000,11,42.900000,0.1000,197.010000,447.810000,208.860000
559,Entry short,2025-07-26 08:15,3742.910000,11,42.900000,0.1000,197.010000,447.810000,208.860000
558,Exit long,2025-07-26 08:15,3742.910000,10,631.000000,1.7100,870.200000,798.100000,165.960000
558,Entry long,2025-07-25 14:15,3679.810000,10,631.000000,1.7100,870.200000,798.100000,165.960000
557,Exit short,2025-07-25 14:15,3679.810000,9,-326.610000,-1.0000,48.780000,926.100000,-465.040000
557,Entry short,2025-07-25 08:15,3643.520000,9,-326.610000,-1.0000,48.780000,926.100000,-465.040000
556,Exit long,2025-07-25 08:15,3643.520000,8,176.480000,0.6100,1209.360000,410.640000,-138.430000
556,Entry long,2025-07-24 14:15,3621.460000,8,176.480000,0.6100,1209.360000,410.640000,-138.430000
555,Exit short,2025-07-24 14:15,3621.460000,7,100.030000,0.3900,319.200000,169.750000,-314.910000
555,Entry short,2025-07-24 08:15,3635.750000,7,100.030000,0.3900,319.200000,169.750000,-314.910000
554,Exit long,2025-07-24 08:15,3635.750000,6,289.980000,1.3500,464.700000,494.520000,-414.940000
554,Entry long,2025-07-23 14:15,3587.420000,6,289.980000,1.3500,464.700000,494.520000,-414.940000
553,Exit short,2025-07-23 14:15,3587.420000,5,461.950000,2.5100,499.050000,93.400000,-704.920000
553,Entry short,2025-07-23 08:15,3679.810000,5,461.950000,2.5100,499.050000,93.400000,-704.920000
552,Exit long,2025-07-23 08:15,3679.810000,4,34.960000,0.2400,372.040000,79.000000,-1166.870000
552,Entry long,2025-07-22 14:15,3671.070000,4,34.960000,0.2400,372.040000,79.000000,-1166.870000
551,Exit short,2025-07-22 14:15,3671.070000,3,-95.550000,-0.8800,68.070000,240.480000,-1201.830000
551,Entry short,2025-07-22 08:15,3639.220000,3,-95.550000,-0.8800,68.070000,240.480000,-1201.830000
550,Exit long,2025-07-22 08:15,3639.220000,2,-338.980000,-4.4500,98.220000,342.720000,-1106.280000
550,Entry long,2025-07-21 14:15,3808.710000,2,-338.980000,-4.4500,98.220000,342.720000,-1106.280000
549,Exit short,2025-07-21 14:15,3808.710000,1,-12.940000,-0.3400,40.710000,42.230000,-767.300000
549,Entry short,2025-07-21 08:15,3795.770000,1,-12.940000,-0.3400,40.710000,42.230000,-767.300000
548,Exit long,2025-07-21 00:15,3731.720000,14,-123.340000,-0.2400,1196.580000,847.420000,-754.360000
548,Entry long,2025-07-20 14:15,3740.530000,14,-123.340000,-0.2400,1196.580000,847.420000,-754.360000
547,Exit short,2025-07-20 14:15,3740.530000,13,-774.020000,-1.6200,21.840000,1157.130000,-631.020000
547,Entry short,2025-07-20 08:15,3680.990000,13,-774.020000,-1.6200,21.840000,1157.130000,-631.020000
546,Exit long,2025-07-20 08:15,3680.990000,12,1641.840000,3.8600,1809.960000,221.400000,143.000000
546,Entry long,2025-07-19 14:15,3544.170000,12,1641.840000,3.8600,1809.960000,221.400000,143.000000
545,Exit short,2025-07-19 14:15,3544.170000,11,132.660000,0.3400,213.950000,230.230000,-1498.840000
545,Entry short,2025-07-19 08:15,3556.230000,11,132.660000,0.3400,213.950000,230.230000,-1498.840000
544,Exit long,2025-07-19 08:15,3556.230000,10,-1087.700000,-2.9700,10.100000,1889.000000,-1631.500000
544,Entry long,2025-07-18 14:15,3665.000000,10,-1087.700000,-2.9700,10.100000,1889.000000,-1631.500000
543,Exit short,2025-07-18 14:15,3665.000000,9,-435.060000,-1.3400,293.940000,513.540000,-543.800000
543,Entry short,2025-07-18 08:15,3616.660000,9,-435.060000,-1.3400,293.940000,513.540000,-543.800000
542,Exit long,2025-07-18 08:15,3616.660000,8,1606.720000,5.8800,2068.880000,406.480000,-108.740000
542,Entry long,2025-07-17 14:15,3415.820000,8,1606.720000,5.8800,2068.880000,406.480000,-108.740000
541,Exit short,2025-07-17 14:15,3415.820000,7,215.390000,0.8900,592.130000,252.210000,-1715.460000
541,Entry short,2025-07-17 08:15,3446.590000,7,215.390000,0.8900,592.130000,252.210000,-1715.460000
540,Exit long,2025-07-17 08:15,3446.590000,6,1608.000000,8.4300,1761.660000,4.260000,-1930.850000
540,Entry long,2025-07-16 14:15,3178.590000,6,1608.000000,8.4300,1761.660000,4.260000,-1930.850000
539,Exit short,2025-07-16 14:15,3178.590000,5,-96.650000,-0.6100,81.300000,227.600000,-3538.850000
539,Entry short,2025-07-16 08:15,3159.260000,5,-96.650000,-0.6100,81.300000,227.600000,-3538.850000
538,Exit long,2025-07-16 08:15,3159.260000,4,390.680000,3.1900,449.640000,383.240000,-3442.200000
538,Entry long,2025-07-15 14:15,3061.590000,4,390.680000,3.1900,449.640000,383.240000,-3442.200000
537,Exit short,2025-07-15 14:15,3061.590000,3,-280.770000,-3.1500,30.000000,295.800000,-3832.880000
537,Entry short,2025-07-15 08:15,2968.000000,3,-280.770000,-3.1500,30.000000,295.800000,-3832.880000
536,Exit long,2025-07-15 08:15,2968.000000,2,-183.480000,-3.0000,4.520000,257.500000,-3552.110000
536,Entry long,2025-07-14 14:15,3059.740000,2,-183.480000,-3.0000,4.520000,257.500000,-3552.110000
535,Exit short,2025-07-14 14:15,3059.740000,1,-30.870000,-1.0200,6.650000,54.130000,-3368.630000
535,Entry short,2025-07-14 08:15,3028.870000,1,-30.870000,-1.0200,6.650000,54.130000,-3368.630000
534,Exit long,2025-07-14 00:15,2975.380000,14,-262.080000,-0.6300,355.880000,897.400000,-3337.760000
534,Entry long,2025-07-13 14:15,2994.100000,14,-262.080000,-0.6300,355.880000,897.400000,-3337.760000
533,Exit short,2025-07-13 14:15,2994.100000,13,-452.400000,-1.1800,211.250000,473.200000,-3075.680000
533,Entry short,2025-07-13 08:15,2959.300000,13,-452.400000,-1.1800,211.250000,473.200000,-3075.680000
532,Exit long,2025-07-13 08:15,2959.300000,12,167.040000,0.4700,270.120000,510.960000,-2623.280000
532,Entry long,2025-07-12 14:15,2945.380000,12,167.040000,0.4700,270.120000,510.960000,-2623.280000
531,Exit short,2025-07-12 14:15,2945.380000,11,200.310000,0.6100,556.490000,169.510000,-2790.320000
531,Entry short,2025-07-12 08:15,2963.590000,11,200.310000,0.6100,556.490000,169.510000,-2790.320000
530,Exit long,2025-07-12 08:15,2963.590000,10,-296.300000,-0.9900,163.300000,712.400000,-2990.630000
530,Entry long,2025-07-11 14:15,2993.220000,10,-296.300000,-0.9900,163.300000,712.400000,-2990.630000
529,Exit short,2025-07-11 14:15,2993.220000,9,-146.250000,-0.5500,84.780000,575.820000,-2694.330000
529,Entry short,2025-07-11 08:15,2976.970000,9,-146.250000,-0.5500,84.780000,575.820000,-2694.330000
528,Exit long,2025-07-11 08:15,2976.970000,8,1559.760000,7.0100,1971.840000,202.240000,-2548.080000
528,Entry long,2025-07-10 14:15,2782.000000,8,1559.760000,7.0100,1971.840000,202.240000,-2548.080000
527,Exit short,2025-07-10 14:15,2782.000000,7,12.180000,0.0600,121.800000,84.910000,-4107.840000
527,Entry short,2025-07-10 08:15,2783.740000,7,12.180000,0.0600,121.800000,84.910000,-4107.840000
526,Exit long,2025-07-10 08:15,2783.740000,6,759.180000,4.7600,990.120000,175.260000,-4120.020000
526,Entry long,2025-07-09 14:15,2657.210000,6,759.180000,4.7600,990.120000,175.260000,-4120.020000
525,Exit short,2025-07-09 14:15,2657.210000,5,-170.500000,-1.3000,102.850000,256.950000,-4879.200000
525,Entry short,2025-07-09 08:15,2623.110000,5,-170.500000,-1.3000,102.850000,256.950000,-4879.200000
524,Exit long,2025-07-09 08:15,2623.110000,4,192.200000,1.8700,295.760000,74.800000,-4708.700000
524,Entry long,2025-07-08 14:15,2575.060000,4,192.200000,1.8700,295.760000,74.800000,-4708.700000
523,Exit short,2025-07-08 14:15,2575.060000,3,-49.410000,-0.6400,49.770000,124.230000,-4900.900000
523,Entry short,2025-07-08 08:15,2558.590000,3,-49.410000,-0.6400,49.770000,124.230000,-4900.900000
522,Exit long,2025-07-08 08:15,2558.590000,2,33.580000,0.6600,42.400000,72.860000,-4851.490000
522,Entry long,2025-07-07 14:15,2541.800000,2,33.580000,0.6600,42.400000,72.860000,-4851.490000
521,Exit short,2025-07-07 14:15,2541.800000,1,31.820000,1.2400,39.140000,14.110000,-4885.070000
521,Entry short,2025-07-07 08:15,2573.620000,1,31.820000,1.2400,39.140000,14.110000,-4885.070000
520,Exit long,2025-07-07 00:15,2572.430000,14,264.320000,0.7400,749.420000,432.040000,-4916.890000
520,Entry long,2025-07-06 14:15,2553.550000,14,264.320000,0.7400,749.420000,432.040000,-4916.890000
519,Exit short,2025-07-06 14:15,2553.550000,13,-534.040000,-1.6400,132.860000,740.090000,-5181.210000
519,Entry short,2025-07-06 08:15,2512.470000,13,-534.040000,-1.6400,132.860000,740.090000,-5181.210000
518,Exit long,2025-07-06 08:15,2512.470000,12,-19.680000,-0.0700,143.760000,333.600000,-4647.170000
518,Entry long,2025-07-05 14:15,2514.110000,12,-19.680000,-0.0700,143.760000,333.600000,-4647.170000
517,Exit short,2025-07-05 14:15,2514.110000,11,100.100000,0.3600,171.160000,16.720000,-4627.490000
517,Entry short,2025-07-05 08:15,2523.210000,11,100.100000,0.3600,171.160000,16.720000,-4627.490000
516,Exit long,2025-07-05 08:15,2523.210000,10,102.100000,0.4100,158.600000,399.300000,-4727.590000
516,Entry long,2025-07-04 14:15,2513.000000,10,102.100000,0.4100,158.600000,399.300000,-4727.590000
515,Exit short,2025-07-04 14:15,2513.000000,9,145.350000,0.6400,178.920000,259.650000,-4829.690000
515,Entry short,2025-07-04 08:15,2529.150000,9,145.350000,0.6400,178.920000,259.650000,-4829.690000
514,Exit long,2025-07-04 08:15,2529.150000,8,-674.720000,-3.2300,50.960000,701.760000,-4975.040000
514,Entry long,2025-07-03 14:15,2613.490000,8,-674.720000,-3.2300,50.960000,701.760000,-4975.040000
513,Exit short,2025-07-03 14:15,2613.490000,7,-113.680000,-0.6300,234.360000,264.250000,-4300.320000
513,Entry short,2025-07-03 08:15,2597.250000,7,-113.680000,-0.6300,234.360000,264.250000,-4300.320000
512,Exit long,2025-07-03 08:15,2597.250000,6,857.040000,5.8200,982.740000,33.960000,-4186.640000
512,Entry long,2025-07-02 14:15,2454.410000,6,857.040000,5.8200,982.740000,33.960000,-4186.640000
511,Exit short,2025-07-02 14:15,2454.410000,5,-25.550000,-0.2100,94.400000,53.500000,-5043.680000
511,Entry short,2025-07-02 08:15,2449.300000,5,-25.550000,-0.2100,94.400000,53.500000,-5043.680000
510,Exit long,2025-07-02 08:15,2449.300000,4,-2.080000,-0.0200,21.920000,329.160000,-5018.130000
510,Entry long,2025-07-01 14:15,2449.820000,4,-2.080000,-0.0200,21.920000,329.160000,-5018.130000
509,Exit short,2025-07-01 14:15,2449.820000,3,17.610000,0.2400,106.020000,15.330000,-5016.050000
509,Entry short,2025-07-01 08:15,2455.690000,3,17.610000,0.2400,106.020000,15.330000,-5016.050000
508,Exit long,2025-07-01 08:15,2455.690000,2,-17.540000,-0.3600,114.260000,65.180000,-5033.660000
508,Entry long,2025-06-30 14:15,2464.460000,2,-17.540000,-0.3600,114.260000,65.180000,-5033.660000
507,Exit short,2025-06-30 14:15,2464.460000,1,12.560000,0.5100,31.820000,1.080000,-5016.120000
507,Entry short,2025-06-30 08:15,2477.020000,1,12.560000,0.5100,31.820000,1.080000,-5016.120000
506,Exit long,2025-06-30 00:15,2505.070000,14,768.600000,2.2400,1039.360000,612.080000,-5028.680000
506,Entry long,2025-06-29 14:15,2450.170000,14,768.600000,2.2400,1039.360000,612.080000,-5028.680000
505,Exit short,2025-06-29 14:15,2450.170000,13,-142.480000,-0.4500,28.080000,321.750000,-5797.280000
505,Entry short,2025-06-29 08:15,2439.210000,13,-142.480000,-0.4500,28.080000,321.750000,-5797.280000
504,Exit long,2025-06-29 08:15,2439.210000,12,168.600000,0.5800,267.120000,36.120000,-5654.800000
504,Entry long,2025-06-28 14:15,2425.160000,12,168.600000,0.5800,267.120000,36.120000,-5654.800000
503,Exit short,2025-06-28 14:15,2425.160000,11,-42.900000,-0.1600,32.670000,88.550000,-5823.400000
503,Entry short,2025-06-28 08:15,2421.260000,11,-42.900000,-0.1600,32.670000,88.550000,-5823.400000
502,Exit long,2025-06-28 08:15,2421.260000,10,-12.700000,-0.0500,261.600000,355.200000,-5780.500000
502,Entry long,2025-06-27 14:15,2422.530000,10,-12.700000,-0.0500,261.600000,355.200000,-5780.500000
501,Exit short,2025-06-27 14:15,2422.530000,9,143.820000,0.6600,206.640000,223.830000,-5767.800000
501,Entry short,2025-06-27 08:15,2438.510000,9,143.820000,0.6600,206.640000,223.830000,-5767.800000
500,Exit long,2025-06-27 08:15,2438.510000,8,83.280000,0.4300,246.640000,408.800000,-5911.620000
500,Entry long,2025-06-26 14:15,2428.100000,8,83.280000,0.4300,246.640000,408.800000,-5911.620000
499,Exit short,2025-06-26 14:15,2428.100000,7,485.800000,2.7800,533.960000,15.050000,-5994.900000
499,Entry short,2025-06-26 08:15,2497.500000,7,485.800000,2.7800,533.960000,15.050000,-5994.900000
498,Exit long,2025-06-26 08:15,2497.500000,6,416.940000,2.8600,551.940000,238.680000,-6480.700000
498,Entry long,2025-06-25 14:15,2428.010000,6,416.940000,2.8600,551.940000,238.680000,-6480.700000
497,Exit short,2025-06-25 14:15,2428.010000,5,67.200000,0.5500,181.950000,30.800000,-6897.640000
497,Entry short,2025-06-25 08:15,2441.450000,5,67.200000,0.5500,181.950000,30.800000,-6897.640000
496,Exit long,2025-06-25 08:15,2441.450000,4,53.440000,0.5500,212.760000,48.360000,-6964.840000
496,Entry long,2025-06-24 14:15,2428.090000,4,53.440000,0.5500,212.760000,48.360000,-6964.840000
495,Exit short,2025-06-24 14:15,2428.090000,3,-127.830000,-1.7900,31.740000,193.560000,-7018.280000
495,Entry short,2025-06-24 08:15,2385.480000,3,-127.830000,-1.7900,31.740000,193.560000,-7018.280000
494,Exit long,2025-06-24 08:15,2385.480000,2,171.940000,3.7400,280.980000,225.000000,-6890.450000
494,Entry long,2025-06-23 14:15,2299.510000,2,171.940000,3.7400,280.980000,225.000000,-6890.450000
493,Exit short,2025-06-23 14:15,2299.510000,1,-35.470000,-1.5700,33.020000,52.960000,-7062.390000
493,Entry short,2025-06-23 08:15,2264.040000,1,-35.470000,-1.5700,33.020000,52.960000,-7062.390000
492,Exit long,2025-06-23 00:15,2226.830000,14,517.580000,1.6900,645.960000,1104.040000,-7026.920000
492,Entry long,2025-06-22 14:15,2189.860000,14,517.580000,1.6900,645.960000,1104.040000,-7026.920000
491,Exit short,2025-06-22 14:15,2189.860000,13,1063.010000,3.6000,1460.550000,195.130000,-7544.500000
491,Entry short,2025-06-22 08:15,2271.630000,13,1063.010000,3.6000,1460.550000,195.130000,-7544.500000
490,Exit long,2025-06-22 08:15,2271.630000,12,-1773.480000,-6.1100,178.560000,2476.200000,-8607.510000
490,Entry long,2025-06-21 14:15,2419.420000,12,-1773.480000,-6.1100,178.560000,2476.200000,-8607.510000
489,Exit short,2025-06-21 14:15,2419.420000,11,83.930000,0.3100,176.550000,230.010000,-6834.030000
489,Entry short,2025-06-21 08:15,2427.050000,11,83.930000,0.3100,176.550000,230.010000,-6834.030000
488,Exit long,2025-06-21 08:15,2427.050000,10,-1045.100000,-4.1300,48.900000,1676.800000,-6917.960000
488,Entry long,2025-06-20 14:15,2531.560000,10,-1045.100000,-4.1300,48.900000,1676.800000,-6917.960000
487,Exit short,2025-06-20 14:15,2531.560000,9,293.940000,1.2700,346.230000,39.060000,-5872.860000
487,Entry short,2025-06-20 08:15,2564.220000,9,293.940000,1.2700,346.230000,39.060000,-5872.860000
486,Exit long,2025-06-20 08:15,2564.220000,8,412.560000,2.0500,426.800000,232.560000,-6166.800000
486,Entry long,2025-06-19 14:15,2512.650000,8,412.560000,2.0500,426.800000,232.560000,-6166.800000
485,Exit short,2025-06-19 14:15,2512.650000,7,83.440000,0.4700,133.070000,136.010000,-6579.360000
485,Entry short,2025-06-19 08:15,2524.570000,7,83.440000,0.4700,133.070000,136.010000,-6579.360000
484,Exit long,2025-06-19 08:15,2524.570000,6,-26.100000,-0.1700,104.220000,383.520000,-6662.800000
484,Entry long,2025-06-18 14:15,2528.920000,6,-26.100000,-0.1700,104.220000,383.520000,-6662.800000
483,Exit short,2025-06-18 14:15,2528.920000,5,64.750000,0.5100,384.350000,10.650000,-6636.700000
483,Entry short,2025-06-18 08:15,2541.870000,5,64.750000,0.5100,384.350000,10.650000,-6636.700000
482,Exit long,2025-06-18 08:15,2541.870000,4,-90.000000,-0.8800,3.640000,449.600000,-6701.450000
482,Entry long,2025-06-17 14:15,2564.370000,4,-90.000000,-0.8800,3.640000,449.600000,-6701.450000
481,Exit short,2025-06-17 14:15,2564.370000,3,54.840000,0.7100,126.000000,0.030000,-6611.450000
481,Entry short,2025-06-17 08:15,2582.650000,3,54.840000,0.7100,126.000000,0.030000,-6611.450000
480,Exit long,2025-06-17 08:15,2582.650000,2,-98.560000,-1.8700,96.140000,215.860000,-6666.290000
480,Entry long,2025-06-16 14:15,2631.930000,2,-98.560000,-1.8700,96.140000,215.860000,-6666.290000
479,Exit short,2025-06-16 14:15,2631.930000,1,-4.480000,-0.1700,35.830000,17.250000,-6567.730000
479,Entry short,2025-06-16 08:15,2627.450000,1,-4.480000,-0.1700,35.830000,17.250000,-6567.730000
478,Exit long,2025-06-16 00:15,2542.460000,14,-3.500000,-0.0100,238.700000,732.620000,-6563.250000
478,Entry long,2025-06-15 14:15,2542.710000,14,-3.500000,-0.0100,238.700000,732.620000,-6563.250000
477,Exit short,2025-06-15 14:15,2542.710000,13,-278.720000,-0.8500,180.570000,356.590000,-6559.750000
477,Entry short,2025-06-15 08:15,2521.270000,13,-278.720000,-0.8500,180.570000,356.590000,-6559.750000
476,Exit long,2025-06-15 08:15,2521.270000,12,-134.760000,-0.4400,236.760000,549.840000,-6281.030000
476,Entry long,2025-06-14 14:15,2532.500000,12,-134.760000,-0.4400,236.760000,549.840000,-6281.030000
475,Exit short,2025-06-14 14:15,2532.500000,11,-54.670000,-0.2000,112.200000,196.570000,-6146.270000
475,Entry short,2025-06-14 08:15,2527.530000,11,-54.670000,-0.2000,112.200000,196.570000,-6146.270000
474,Exit long,2025-06-14 08:15,2527.530000,10,-10.200000,-0.0400,564.500000,259.000000,-6091.600000
474,Entry long,2025-06-13 14:15,2528.550000,10,-10.200000,-0.0400,564.500000,259.000000,-6091.600000
473,Exit short,2025-06-13 14:15,2528.550000,9,82.980000,0.3600,291.780000,223.200000,-6081.400000
473,Entry short,2025-06-13 08:15,2537.770000,9,82.980000,0.3600,291.780000,223.200000,-6081.400000
472,Exit long,2025-06-13 08:15,2537.770000,8,-1780.400000,-8.0600,97.600000,2612.160000,-6164.380000
472,Entry long,2025-06-12 14:15,2760.320000,8,-1780.400000,-8.0600,97.600000,2612.160000,-6164.380000
471,Exit short,2025-06-12 14:15,2760.320000,7,-85.680000,-0.4500,261.100000,96.040000,-4383.980000
471,Entry short,2025-06-12 08:15,2748.080000,7,-85.680000,-0.4500,261.100000,96.040000,-4383.980000
470,Exit long,2025-06-12 08:15,2748.080000,6,-371.520000,-2.2000,414.000000,485.220000,-4298.300000
470,Entry long,2025-06-11 14:15,2810.000000,6,-371.520000,-2.2000,414.000000,485.220000,-4298.300000
469,Exit short,2025-06-11 14:15,2810.000000,5,-122.450000,-0.8800,162.500000,184.450000,-3926.780000
469,Entry short,2025-06-11 08:15,2785.510000,5,-122.450000,-0.8800,162.500000,184.450000,-3926.780000
468,Exit long,2025-06-11 08:15,2785.510000,4,160.160000,1.4600,355.040000,227.760000,-3804.330000
468,Entry long,2025-06-10 14:15,2745.470000,4,160.160000,1.4600,355.040000,227.760000,-3804.330000
467,Exit short,2025-06-10 14:15,2745.470000,3,-220.440000,-2.7500,8.940000,380.190000,-3964.490000
467,Entry short,2025-06-10 08:15,2671.990000,3,-220.440000,-2.7500,8.940000,380.190000,-3964.490000
466,Exit long,2025-06-10 08:15,2671.990000,2,289.920000,5.7400,399.600000,6.400000,-3744.050000
466,Entry long,2025-06-09 14:15,2527.030000,2,289.920000,5.7400,399.600000,6.400000,-3744.050000
465,Exit short,2025-06-09 14:15,2527.030000,1,-38.030000,-1.5300,5.970000,58.970000,-4033.970000
465,Entry short,2025-06-09 08:15,2489.000000,1,-38.030000,-1.5300,5.970000,58.970000,-4033.970000
464,Exit long,2025-06-09 00:15,2506.570000,14,-47.460000,-0.1400,532.840000,175.700000,-3995.940000
464,Entry long,2025-06-08 14:15,2509.960000,14,-47.460000,-0.1400,532.840000,175.700000,-3995.940000
463,Exit short,2025-06-08 14:15,2509.960000,13,88.400000,0.2700,435.240000,136.500000,-3948.480000
463,Entry short,2025-06-08 08:15,2516.760000,13,88.400000,0.2700,435.240000,136.500000,-3948.480000
462,Exit long,2025-06-08 08:15,2516.760000,12,70.080000,0.2300,408.960000,83.040000,-4036.880000
462,Entry long,2025-06-07 14:15,2510.920000,12,70.080000,0.2300,408.960000,83.040000,-4036.880000
461,Exit short,2025-06-07 14:15,2510.920000,11,-271.810000,-0.9900,65.560000,304.590000,-4106.960000
461,Entry short,2025-06-07 08:15,2486.210000,11,-271.810000,-0.9900,65.560000,304.590000,-4106.960000
460,Exit long,2025-06-07 08:15,2486.210000,10,-222.100000,-0.8900,212.500000,525.700000,-3835.150000
460,Entry long,2025-06-06 14:15,2508.420000,10,-222.100000,-0.8900,212.500000,525.700000,-3835.150000
459,Exit short,2025-06-06 14:15,2508.420000,9,-433.080000,-1.9600,42.210000,527.310000,-3613.050000
459,Entry short,2025-06-06 08:15,2460.300000,9,-433.080000,-1.9600,42.210000,527.310000,-3613.050000
458,Exit long,2025-06-06 08:15,2460.300000,8,-1008.320000,-4.8700,229.280000,1653.760000,-3179.970000
458,Entry long,2025-06-05 14:15,2586.340000,8,-1008.320000,-4.8700,229.280000,1653.760000,-3179.970000
457,Exit short,2025-06-05 14:15,2586.340000,7,127.750000,0.7000,186.130000,247.870000,-2171.650000
457,Entry short,2025-06-05 08:15,2604.590000,7,127.750000,0.7000,186.130000,247.870000,-2171.650000
456,Exit long,2025-06-05 08:15,2604.590000,6,-5.100000,-0.0300,445.200000,50.940000,-2299.400000
456,Entry long,2025-06-04 14:15,2605.440000,6,-5.100000,-0.0300,445.200000,50.940000,-2299.400000
455,Exit short,2025-06-04 14:15,2605.440000,5,146.700000,1.1100,207.900000,73.000000,-2294.300000
455,Entry short,2025-06-04 08:15,2634.780000,5,146.700000,1.1100,207.900000,73.000000,-2294.300000
454,Exit long,2025-06-04 08:15,2634.780000,4,76.720000,0.7300,157.520000,210.400000,-2441.000000
454,Entry long,2025-06-03 14:15,2615.600000,4,76.720000,0.7300,157.520000,210.400000,-2441.000000
453,Exit short,2025-06-03 14:15,2615.600000,3,-49.530000,-0.6400,16.860000,101.730000,-2517.720000
453,Entry short,2025-06-03 08:15,2599.090000,3,-49.530000,-0.6400,16.860000,101.730000,-2517.720000
452,Exit long,2025-06-03 08:15,2599.090000,2,170.580000,3.3900,270.400000,10.600000,-2468.190000
452,Entry long,2025-06-02 14:15,2513.800000,2,170.580000,3.3900,270.400000,10.600000,-2468.190000
451,Exit short,2025-06-02 14:15,2513.800000,1,-6.770000,-0.2700,34.290000,12.310000,-2638.770000
451,Entry short,2025-06-02 08:15,2507.030000,1,-6.770000,-0.2700,34.290000,12.310000,-2638.770000
450,Exit long,2025-06-02 00:15,2535.000000,14,462.980000,1.3200,630.980000,145.180000,-2632.000000
450,Entry long,2025-06-01 14:15,2501.930000,14,462.980000,1.3200,630.980000,145.180000,-2632.000000
449,Exit short,2025-06-01 14:15,2501.930000,13,21.190000,0.0700,501.280000,79.820000,-3094.980000
449,Entry short,2025-06-01 08:15,2503.560000,13,21.190000,0.0700,501.280000,79.820000,-3094.980000
448,Exit long,2025-06-01 08:15,2503.560000,12,-441.960000,-1.4500,115.320000,622.440000,-3116.170000
448,Entry long,2025-05-31 14:15,2540.390000,12,-441.960000,-1.4500,115.320000,622.440000,-3116.170000
447,Exit short,2025-05-31 14:15,2540.390000,11,-232.870000,-0.8400,142.450000,303.820000,-2674.210000
447,Entry short,2025-05-31 08:15,2519.220000,11,-232.870000,-0.8400,142.450000,303.820000,-2674.210000
446,Exit long,2025-05-31 08:15,2519.220000,10,-639.000000,-2.4700,326.900000,1091.200000,-2441.340000
446,Entry long,2025-05-30 14:15,2583.120000,10,-639.000000,-2.4700,326.900000,1091.200000,-2441.340000
445,Exit short,2025-05-30 14:15,2583.120000,9,303.930000,1.2900,411.480000,91.800000,-1802.340000
445,Entry short,2025-05-30 08:15,2616.890000,9,303.930000,1.2900,411.480000,91.800000,-1802.340000
444,Exit long,2025-05-30 08:15,2616.890000,8,-257.360000,-1.2100,204.880000,744.480000,-2106.270000
444,Entry long,2025-05-29 14:15,2649.060000,8,-257.360000,-1.2100,204.880000,744.480000,-2106.270000
443,Exit short,2025-05-29 14:15,2649.060000,7,522.200000,2.7400,578.410000,142.380000,-1848.910000
443,Entry short,2025-05-29 08:15,2723.660000,7,522.200000,2.7400,578.410000,142.380000,-1848.910000
442,Exit long,2025-05-29 08:15,2723.660000,6,544.560000,3.4500,935.880000,137.340000,-2371.110000
442,Entry long,2025-05-28 14:15,2632.900000,6,544.560000,3.4500,935.880000,137.340000,-2371.110000
441,Exit short,2025-05-28 14:15,2632.900000,5,-9.500000,-0.0700,125.000000,290.650000,-2915.670000
441,Entry short,2025-05-28 08:15,2631.000000,5,-9.500000,-0.0700,125.000000,290.650000,-2915.670000
440,Exit long,2025-05-28 08:15,2631.000000,4,-132.360000,-1.2400,190.840000,188.360000,-2906.170000
440,Entry long,2025-05-27 14:15,2664.090000,4,-132.360000,-1.2400,190.840000,188.360000,-2906.170000
439,Exit short,2025-05-27 14:15,2664.090000,3,-116.580000,-1.4800,13.050000,175.590000,-2773.810000
439,Entry short,2025-05-27 08:15,2625.230000,3,-116.580000,-1.4800,13.050000,175.590000,-2773.810000
438,Exit long,2025-05-27 08:15,2625.230000,2,140.200000,2.7400,168.500000,94.260000,-2657.230000
438,Entry long,2025-05-26 14:15,2555.130000,2,140.200000,2.7400,168.500000,94.260000,-2657.230000
437,Exit short,2025-05-26 14:15,2555.130000,1,22.870000,0.8900,40.320000,2.210000,-2797.430000
437,Entry short,2025-05-26 08:15,2578.000000,1,22.870000,0.8900,40.320000,2.210000,-2797.430000
436,Exit long,2025-05-26 00:15,2546.180000,14,457.240000,1.3000,619.220000,497.280000,-2820.300000
436,Entry long,2025-05-25 14:15,2513.520000,14,457.240000,1.3000,619.220000,497.280000,-2820.300000
435,Exit short,2025-05-25 14:15,2513.520000,13,-406.510000,-1.2600,320.450000,555.620000,-3277.540000
435,Entry short,2025-05-25 08:15,2482.250000,13,-406.510000,-1.2600,320.450000,555.620000,-3277.540000
434,Exit long,2025-05-25 08:15,2482.250000,12,-839.160000,-2.7400,170.640000,945.840000,-2871.030000
434,Entry long,2025-05-24 14:15,2552.180000,12,-839.160000,-2.7400,170.640000,945.840000,-2871.030000
433,Exit short,2025-05-24 14:15,2552.180000,11,9.020000,0.0300,117.260000,236.500000,-2031.870000
433,Entry short,2025-05-24 08:15,2553.000000,11,9.020000,0.0300,117.260000,236.500000,-2031.870000
432,Exit long,2025-05-24 08:15,2553.000000,10,-303.200000,-1.1700,39.300000,812.200000,-2040.890000
432,Entry long,2025-05-23 14:15,2583.320000,10,-303.200000,-1.1700,39.300000,812.200000,-2040.890000
431,Exit short,2025-05-23 14:15,2583.320000,9,702.720000,2.9300,1479.600000,237.600000,-1737.690000
431,Entry short,2025-05-23 08:15,2661.400000,9,702.720000,2.9300,1479.600000,237.600000,-1737.690000
430,Exit long,2025-05-23 08:15,2661.400000,8,88.800000,0.4200,672.000000,200.160000,-2440.410000
430,Entry long,2025-05-22 14:15,2650.300000,8,88.800000,0.4200,672.000000,200.160000,-2440.410000
429,Exit short,2025-05-22 14:15,2650.300000,7,-52.500000,-0.2800,169.470000,348.670000,-2529.210000
429,Entry short,2025-05-22 08:15,2642.800000,7,-52.500000,-0.2800,169.470000,348.670000,-2529.210000
428,Exit long,2025-05-22 08:15,2642.800000,6,575.280000,3.7600,601.980000,577.200000,-2476.710000
428,Entry long,2025-05-21 14:15,2546.920000,6,575.280000,3.7600,601.980000,577.200000,-2476.710000
427,Exit short,2025-05-21 14:15,2546.920000,5,61.350000,0.4800,229.900000,0.500000,-3051.990000
427,Entry short,2025-05-21 08:15,2559.190000,5,61.350000,0.4800,229.900000,0.500000,-3051.990000
426,Exit long,2025-05-21 08:15,2559.190000,4,360.080000,3.6500,585.160000,123.120000,-3113.340000
426,Entry long,2025-05-20 14:15,2469.170000,4,360.080000,3.6500,585.160000,123.120000,-3113.340000
425,Exit short,2025-05-20 14:15,2469.170000,3,164.940000,2.1800,183.450000,44.550000,-3473.420000
425,Entry short,2025-05-20 08:15,2524.150000,3,164.940000,2.1800,183.450000,44.550000,-3473.420000
424,Exit long,2025-05-20 08:15,2524.150000,2,193.320000,3.9800,321.020000,0.740000,-3638.360000
424,Entry long,2025-05-19 14:15,2427.490000,2,193.320000,3.9800,321.020000,0.740000,-3638.360000
423,Exit short,2025-05-19 14:15,2427.490000,1,-19.240000,-0.8000,25.250000,33.500000,-3831.680000
423,Entry short,2025-05-19 08:15,2408.250000,1,-19.240000,-0.8000,25.250000,33.500000,-3831.680000
422,Exit long,2025-05-19 00:15,2479.730000,14,-688.240000,-1.9400,820.820000,3027.780000,-3812.440000
422,Entry long,2025-05-18 14:15,2528.890000,14,-688.240000,-1.9400,820.820000,3027.780000,-3812.440000
421,Exit short,2025-05-18 14:15,2528.890000,13,-141.310000,-0.4300,407.810000,409.370000,-3124.200000
421,Entry short,2025-05-18 08:15,2518.020000,13,-141.310000,-0.4300,407.810000,409.370000,-3124.200000
420,Exit long,2025-05-18 08:15,2518.020000,12,588.360000,1.9900,706.320000,267.480000,-2982.890000
420,Entry long,2025-05-17 14:15,2468.990000,12,588.360000,1.9900,706.320000,267.480000,-2982.890000
419,Exit short,2025-05-17 14:15,2468.990000,11,185.240000,0.6800,474.980000,101.530000,-3571.250000
419,Entry short,2025-05-17 08:15,2485.830000,11,185.240000,0.6800,474.980000,101.530000,-3571.250000
418,Exit long,2025-05-17 08:15,2485.830000,10,-1022.100000,-3.9500,178.100000,1374.200000,-3756.490000
418,Entry long,2025-05-16 14:15,2588.040000,10,-1022.100000,-3.9500,178.100000,1374.200000,-3756.490000
417,Exit short,2025-05-16 14:15,2588.040000,9,79.560000,0.3400,362.070000,466.200000,-2734.390000
417,Entry short,2025-05-16 08:15,2596.880000,9,79.560000,0.3400,362.070000,466.200000,-2734.390000
416,Exit long,2025-05-16 08:15,2596.880000,8,583.200000,2.8900,763.280000,386.960000,-2813.950000
416,Entry long,2025-05-15 14:15,2523.980000,8,583.200000,2.8900,763.280000,386.960000,-2813.950000
415,Exit short,2025-05-15 14:15,2523.980000,7,124.390000,0.7000,291.970000,260.680000,-3397.150000
415,Entry short,2025-05-15 08:15,2541.750000,7,124.390000,0.7000,291.970000,260.680000,-3397.150000
414,Exit long,2025-05-15 08:15,2541.750000,6,-287.580000,-1.8500,338.520000,455.280000,-3521.540000
414,Entry long,2025-05-14 14:15,2589.680000,6,-287.580000,-1.8500,338.520000,455.280000,-3521.540000
413,Exit short,2025-05-14 14:15,2589.680000,5,165.650000,1.2600,239.050000,67.250000,-3233.960000
413,Entry short,2025-05-14 08:15,2622.810000,5,165.650000,1.2600,239.050000,67.250000,-3233.960000
412,Exit long,2025-05-14 08:15,2622.810000,4,347.040000,3.4200,810.280000,42.200000,-3399.610000
412,Entry long,2025-05-13 14:15,2536.050000,4,347.040000,3.4200,810.280000,42.200000,-3399.610000
411,Exit short,2025-05-13 14:15,2536.050000,3,-208.470000,-2.8200,47.970000,285.510000,-3746.650000
411,Entry short,2025-05-13 08:15,2466.560000,3,-208.470000,-2.8200,47.970000,285.510000,-3746.650000
410,Exit long,2025-05-13 08:15,2466.560000,2,-177.120000,-3.4700,15.760000,297.140000,-3538.180000
410,Entry long,2025-05-12 14:15,2555.120000,2,-177.120000,-3.4700,15.760000,297.140000,-3538.180000
409,Exit short,2025-05-12 14:15,2555.120000,1,-11.650000,-0.4600,23.470000,41.580000,-3361.060000
409,Entry short,2025-05-12 08:15,2543.470000,1,-11.650000,-0.4600,23.470000,41.580000,-3361.060000
408,Exit long,2025-05-12 00:15,2519.630000,14,585.340000,1.6900,698.460000,601.020000,-3349.410000
408,Entry long,2025-05-11 14:15,2477.820000,14,585.340000,1.6900,698.460000,601.020000,-3349.410000
407,Exit short,2025-05-11 14:15,2477.820000,13,213.460000,0.6600,390.520000,527.280000,-3934.750000
407,Entry short,2025-05-11 08:15,2494.240000,13,213.460000,0.6600,390.520000,527.280000,-3934.750000
406,Exit long,2025-05-11 08:15,2494.240000,12,834.480000,2.8700,2199.600000,233.160000,-4148.210000
406,Entry long,2025-05-10 14:15,2424.700000,12,834.480000,2.8700,2199.600000,233.160000,-4148.210000
405,Exit short,2025-05-10 14:15,2424.700000,11,-225.940000,-0.8500,485.760000,504.130000,-4982.690000
405,Entry short,2025-05-10 08:15,2404.160000,11,-225.940000,-0.8500,485.760000,504.130000,-4982.690000
404,Exit long,2025-05-10 08:15,2404.160000,10,452.800000,1.9200,761.200000,888.800000,-4756.750000
404,Entry long,2025-05-09 14:15,2358.880000,10,452.800000,1.9200,761.200000,888.800000,-4756.750000
403,Exit short,2025-05-09 14:15,2358.880000,9,94.770000,0.4400,701.550000,1092.060000,-5209.550000
403,Entry short,2025-05-09 08:15,2369.410000,9,94.770000,0.4400,701.550000,1092.060000,-5209.550000
402,Exit long,2025-05-09 08:15,2369.410000,8,3191.840000,20.2500,3385.920000,6.720000,-5304.320000
402,Entry long,2025-05-08 14:15,1970.430000,8,3191.840000,20.2500,3385.920000,6.720000,-5304.320000
401,Exit short,2025-05-08 14:15,1970.430000,7,-295.400000,-2.1900,5.180000,391.370000,-8496.160000
401,Entry short,2025-05-08 08:15,1928.230000,7,-295.400000,-2.1900,5.180000,391.370000,-8496.160000
400,Exit long,2025-05-08 08:15,1928.230000,6,601.380000,5.4800,696.000000,252.000000,-8200.760000
400,Entry long,2025-05-07 14:15,1828.000000,6,601.380000,5.4800,696.000000,252.000000,-8200.760000
399,Exit short,2025-05-07 14:15,1828.000000,5,32.250000,0.3500,64.050000,60.250000,-8802.140000
399,Entry short,2025-05-07 08:15,1834.450000,5,32.250000,0.3500,64.050000,60.250000,-8802.140000
398,Exit long,2025-05-07 08:15,1834.450000,4,268.240000,3.7900,330.440000,32.160000,-8834.390000
398,Entry long,2025-05-06 14:15,1767.390000,4,268.240000,3.7900,330.440000,32.160000,-8834.390000
397,Exit short,2025-05-06 14:15,1767.390000,3,96.780000,1.7900,148.950000,4.770000,-9102.630000
397,Entry short,2025-05-06 08:15,1799.650000,3,96.780000,1.7900,148.950000,4.770000,-9102.630000
396,Exit long,2025-05-06 08:15,1799.650000,2,-5.740000,-0.1600,60.920000,21.900000,-9199.410000
396,Entry long,2025-05-05 14:15,1802.520000,2,-5.740000,-0.1600,60.920000,21.900000,-9199.410000
395,Exit short,2025-05-05 14:15,1802.520000,1,21.260000,1.1700,30.490000,6.940000,-9193.670000
395,Entry short,2025-05-05 08:15,1823.780000,1,21.260000,1.1700,30.490000,6.940000,-9193.670000
394,Exit long,2025-05-05 00:15,1811.790000,14,-187.040000,-0.7300,232.540000,328.160000,-9214.930000
394,Entry long,2025-05-04 14:15,1825.150000,14,-187.040000,-0.7300,232.540000,328.160000,-9214.930000
393,Exit short,2025-05-04 14:15,1825.150000,13,170.430000,0.7100,275.990000,4.030000,-9027.890000
393,Entry short,2025-05-04 08:15,1838.260000,13,170.430000,0.7100,275.990000,4.030000,-9027.890000
392,Exit long,2025-05-04 08:15,1838.260000,12,77.040000,0.3500,212.280000,289.080000,-9198.320000
392,Entry long,2025-05-03 14:15,1831.840000,12,77.040000,0.3500,212.280000,289.080000,-9198.320000
391,Exit short,2025-05-03 14:15,1831.840000,11,-97.240000,-0.4800,74.470000,145.200000,-9275.360000
391,Entry short,2025-05-03 08:15,1823.000000,11,-97.240000,-0.4800,74.470000,145.200000,-9275.360000
390,Exit long,2025-05-03 08:15,1823.000000,10,-139.900000,-0.7600,340.700000,156.700000,-9178.120000
390,Entry long,2025-05-02 14:15,1836.990000,10,-139.900000,-0.7600,340.700000,156.700000,-9178.120000
389,Exit short,2025-05-02 14:15,1836.990000,9,-161.100000,-0.9800,9.810000,252.180000,-9038.220000
389,Entry short,2025-05-02 08:15,1819.090000,9,-161.100000,-0.9800,9.810000,252.180000,-9038.220000
388,Exit long,2025-05-02 08:15,1819.090000,8,-142.720000,-0.9700,286.240000,199.440000,-8877.120000
388,Entry long,2025-05-01 14:15,1836.930000,8,-142.720000,-0.9700,286.240000,199.440000,-8877.120000
387,Exit short,2025-05-01 14:15,1836.930000,7,-166.950000,-1.3200,13.860000,319.550000,-8734.400000
387,Entry short,2025-05-01 08:15,1813.080000,7,-166.950000,-1.3200,13.860000,319.550000,-8734.400000
386,Exit long,2025-05-01 08:15,1813.080000,6,364.980000,3.4700,395.580000,49.440000,-8567.450000
386,Entry long,2025-04-30 14:15,1752.250000,6,364.980000,3.4700,395.580000,49.440000,-8567.450000
385,Exit short,2025-04-30 14:15,1752.250000,5,234.200000,2.6000,342.450000,84.550000,-8932.430000
385,Entry short,2025-04-30 08:15,1799.090000,5,234.200000,2.6000,342.450000,84.550000,-8932.430000
384,Exit long,2025-04-30 08:15,1799.090000,4,-80.360000,-1.1000,49.240000,159.280000,-9166.630000
384,Entry long,2025-04-29 14:15,1819.180000,4,-80.360000,-1.1000,49.240000,159.280000,-9166.630000
383,Exit short,2025-04-29 14:15,1819.180000,3,11.070000,0.2000,65.610000,59.850000,-9086.270000
383,Entry short,2025-04-29 08:15,1822.870000,3,11.070000,0.2000,65.610000,59.850000,-9086.270000
382,Exit long,2025-04-29 08:15,1822.870000,2,64.040000,1.7900,70.300000,97.400000,-9097.340000
382,Entry long,2025-04-28 14:15,1790.850000,2,64.040000,1.7900,70.300000,97.400000,-9097.340000
381,Exit short,2025-04-28 14:15,1790.850000,1,14.290000,0.7900,26.660000,21.570000,-9161.380000
381,Entry short,2025-04-28 08:15,1805.140000,1,14.290000,0.7900,26.660000,21.570000,-9161.380000
380,Exit long,2025-04-28 00:15,1781.330000,14,-148.820000,-0.5900,224.000000,287.140000,-9175.670000
380,Entry long,2025-04-27 14:15,1791.960000,14,-148.820000,-0.5900,224.000000,287.140000,-9175.670000
379,Exit short,2025-04-27 14:15,1791.960000,13,175.890000,0.7500,328.120000,123.500000,-9026.850000
379,Entry short,2025-04-27 08:15,1805.490000,13,175.890000,0.7500,328.120000,123.500000,-9026.850000
378,Exit long,2025-04-27 08:15,1805.490000,12,185.880000,0.8700,804.000000,63.480000,-9202.740000
378,Entry long,2025-04-26 14:15,1790.000000,12,185.880000,0.8700,804.000000,63.480000,-9202.740000
377,Exit short,2025-04-26 14:15,1790.000000,11,133.540000,0.6700,273.130000,432.850000,-9388.620000
377,Entry short,2025-04-26 08:15,1802.140000,11,133.540000,0.6700,273.130000,432.850000,-9388.620000
376,Exit long,2025-04-26 08:15,1802.140000,10,141.300000,0.7900,389.000000,177.000000,-9522.160000
376,Entry long,2025-04-25 14:15,1788.010000,10,141.300000,0.7900,389.000000,177.000000,-9522.160000
375,Exit short,2025-04-25 14:15,1788.010000,9,-140.130000,-0.8800,149.670000,266.040000,-9663.460000
375,Entry short,2025-04-25 08:15,1772.440000,9,-140.130000,-0.8800,149.670000,266.040000,-9663.460000
374,Exit long,2025-04-25 08:15,1772.440000,8,105.520000,0.7500,245.040000,174.800000,-9523.330000
374,Entry long,2025-04-24 14:15,1759.250000,8,105.520000,0.7500,245.040000,174.800000,-9523.330000
373,Exit short,2025-04-24 14:15,1759.250000,7,-59.080000,-0.4800,207.130000,142.730000,-9628.850000
373,Entry short,2025-04-24 08:15,1750.810000,7,-59.080000,-0.4800,207.130000,142.730000,-9628.850000
372,Exit long,2025-04-24 08:15,1750.810000,6,-265.920000,-2.4700,86.820000,270.780000,-9569.770000
372,Entry long,2025-04-23 14:15,1795.130000,6,-265.920000,-2.4700,86.820000,270.780000,-9569.770000
371,Exit short,2025-04-23 14:15,1795.130000,5,9.250000,0.1000,93.450000,205.100000,-9303.850000
371,Entry short,2025-04-23 08:15,1796.980000,5,9.250000,0.1000,93.450000,205.100000,-9303.850000
370,Exit long,2025-04-23 08:15,1796.980000,4,589.680000,8.9400,673.680000,41.040000,-9313.100000
370,Entry long,2025-04-22 14:15,1649.560000,4,589.680000,8.9400,673.680000,41.040000,-9313.100000
369,Exit short,2025-04-22 14:15,1649.560000,3,-72.810000,-1.4900,38.640000,83.730000,-9902.780000
369,Entry short,2025-04-22 08:15,1625.290000,3,-72.810000,-1.4900,38.640000,83.730000,-9902.780000
368,Exit long,2025-04-22 08:15,1625.290000,2,10.740000,0.3300,42.940000,169.840000,-9829.970000
368,Entry long,2025-04-21 14:15,1619.920000,2,10.740000,0.3300,42.940000,169.840000,-9829.970000
367,Exit short,2025-04-21 14:15,1619.920000,1,26.070000,1.5800,38.360000,8.650000,-9840.710000
367,Entry short,2025-04-21 08:15,1645.990000,1,26.070000,1.5800,38.360000,8.650000,-9840.710000
366,Exit long,2025-04-21 00:15,1592.520000,14,179.340000,0.8100,284.060000,133.280000,-9866.780000
366,Entry long,2025-04-20 14:15,1579.710000,14,179.340000,0.8100,284.060000,133.280000,-9866.780000
365,Exit short,2025-04-20 14:15,1579.710000,13,207.870000,1.0000,403.130000,15.210000,-10046.120000
365,Entry short,2025-04-20 08:15,1595.700000,13,207.870000,1.0000,403.130000,15.210000,-10046.120000
364,Exit long,2025-04-20 08:15,1595.700000,12,-108.600000,-0.5600,330.480000,297.000000,-10253.990000
364,Entry long,2025-04-19 14:15,1604.750000,12,-108.600000,-0.5600,330.480000,297.000000,-10253.990000
363,Exit short,2025-04-19 14:15,1604.750000,11,-66.770000,-0.3800,59.950000,99.990000,-10145.390000
363,Entry short,2025-04-19 08:15,1598.680000,11,-66.770000,-0.3800,59.950000,99.990000,-10145.390000
362,Exit long,2025-04-19 08:15,1598.680000,10,104.500000,0.6600,247.700000,106.700000,-10078.620000
362,Entry long,2025-04-18 14:15,1588.230000,10,104.500000,0.6600,247.700000,106.700000,-10078.620000
361,Exit short,2025-04-18 14:15,1588.230000,9,-16.470000,-0.1200,45.540000,92.070000,-10183.120000
361,Entry short,2025-04-18 08:15,1586.400000,9,-16.470000,-0.1200,45.540000,92.070000,-10183.120000
360,Exit long,2025-04-18 08:15,1586.400000,8,12.880000,0.1000,256.160000,180.240000,-10166.650000
360,Entry long,2025-04-17 14:15,1584.790000,8,12.880000,0.1000,256.160000,180.240000,-10166.650000
359,Exit short,2025-04-17 14:15,1584.790000,7,116.970000,1.0400,139.930000,11.900000,-10179.530000
359,Entry short,2025-04-17 08:15,1601.500000,7,116.970000,1.0400,139.930000,11.900000,-10179.530000
358,Exit long,2025-04-17 08:15,1601.500000,6,172.620000,1.8300,253.320000,211.020000,-10296.500000
358,Entry long,2025-04-16 14:15,1572.730000,6,172.620000,1.8300,253.320000,211.020000,-10296.500000
357,Exit short,2025-04-16 14:15,1572.730000,5,-75.650000,-0.9700,9.400000,150.850000,-10469.120000
357,Entry short,2025-04-16 08:15,1557.600000,5,-75.650000,-0.9700,9.400000,150.850000,-10469.120000
356,Exit long,2025-04-16 08:15,1557.600000,4,-287.280000,-4.4100,12.160000,317.680000,-10393.470000
356,Entry long,2025-04-15 14:15,1629.420000,4,-287.280000,-4.4100,12.160000,317.680000,-10393.470000
355,Exit short,2025-04-15 14:15,1629.420000,3,45.810000,0.9300,74.070000,47.970000,-10106.190000
355,Entry short,2025-04-15 08:15,1644.690000,3,45.810000,0.9300,74.070000,47.970000,-10106.190000
354,Exit long,2025-04-15 08:15,1644.690000,2,-34.480000,-1.0400,54.680000,117.860000,-10152.000000
354,Entry long,2025-04-14 14:15,1661.930000,2,-34.480000,-1.0400,54.680000,117.860000,-10152.000000
353,Exit short,2025-04-14 14:15,1661.930000,1,-31.820000,-1.9500,0.980000,61.460000,-10117.520000
353,Entry short,2025-04-14 08:15,1630.110000,1,-31.820000,-1.9500,0.980000,61.460000,-10117.520000
352,Exit long,2025-04-14 00:15,1607.380000,14,410.060000,1.8600,988.960000,261.660000,-10085.700000
352,Entry long,2025-04-13 14:15,1578.090000,14,410.060000,1.8600,988.960000,261.660000,-10085.700000
351,Exit short,2025-04-13 14:15,1578.090000,13,397.670000,1.9000,566.410000,244.010000,-10495.760000
351,Entry short,2025-04-13 08:15,1608.680000,13,397.670000,1.9000,566.410000,244.010000,-10495.760000
350,Exit long,2025-04-13 08:15,1608.680000,12,-438.360000,-2.2200,295.680000,588.000000,-10893.430000
350,Entry long,2025-04-12 14:15,1645.210000,12,-438.360000,-2.2200,295.680000,588.000000,-10893.430000
349,Exit short,2025-04-12 14:15,1645.210000,11,-464.310000,-2.6300,178.200000,553.630000,-10455.070000
349,Entry short,2025-04-12 08:15,1603.000000,11,-464.310000,-2.6300,178.200000,553.630000,-10455.070000
348,Exit long,2025-04-12 08:15,1603.000000,10,392.300000,2.5100,419.400000,234.100000,-9990.760000
348,Entry long,2025-04-11 14:15,1563.770000,10,392.300000,2.5100,419.400000,234.100000,-9990.760000
347,Exit short,2025-04-11 14:15,1563.770000,9,-59.760000,-0.4300,123.120000,252.450000,-10383.060000
347,Entry short,2025-04-11 08:15,1557.130000,9,-59.760000,-0.4300,123.120000,252.450000,-10383.060000
346,Exit long,2025-04-11 08:15,1557.130000,8,-50.320000,-0.4000,165.040000,740.640000,-10323.300000
346,Entry long,2025-04-10 14:15,1563.420000,8,-50.320000,-0.4000,165.040000,740.640000,-10323.300000
345,Exit short,2025-04-10 14:15,1563.420000,7,225.330000,2.0200,284.270000,224.000000,-10272.980000
345,Entry short,2025-04-10 08:15,1595.610000,7,225.330000,2.0200,284.270000,224.000000,-10272.980000
344,Exit long,2025-04-10 08:15,1595.610000,6,717.720000,8.1000,1272.060000,45.120000,-10498.310000
344,Entry long,2025-04-09 14:15,1475.990000,6,717.720000,8.1000,1272.060000,45.120000,-10498.310000
343,Exit short,2025-04-09 14:15,1475.990000,5,-10.700000,-0.1500,174.100000,135.900000,-11216.030000
343,Entry short,2025-04-09 08:15,1473.850000,5,-10.700000,-0.1500,174.100000,135.900000,-11216.030000
342,Exit long,2025-04-09 08:15,1473.850000,4,-400.600000,-6.3600,18.320000,760.000000,-11205.330000
342,Entry long,2025-04-08 14:15,1574.000000,4,-400.600000,-6.3600,18.320000,760.000000,-11205.330000
341,Exit short,2025-04-08 14:15,1574.000000,3,-48.270000,-1.0300,29.490000,104.640000,-10804.730000
341,Entry short,2025-04-08 08:15,1557.910000,3,-48.270000,-1.0300,29.490000,104.640000,-10804.730000
340,Exit long,2025-04-08 08:15,1557.910000,2,-58.860000,-1.8500,102.260000,124.260000,-10756.460000
340,Entry long,2025-04-07 14:15,1587.340000,2,-58.860000,-1.8500,102.260000,124.260000,-10756.460000
339,Exit short,2025-04-07 14:15,1587.340000,1,-121.400000,-8.2800,2.270000,133.520000,-10697.600000
339,Entry short,2025-04-07 08:15,1465.940000,1,-121.400000,-8.2800,2.270000,133.520000,-10697.600000
338,Exit long,2025-04-07 00:15,1566.690000,14,-2692.060000,-10.9300,195.580000,3131.940000,-10576.200000
338,Entry long,2025-04-06 14:15,1758.980000,14,-2692.060000,-10.9300,195.580000,3131.940000,-10576.200000
337,Exit short,2025-04-06 14:15,1758.980000,13,420.420000,1.8100,732.030000,59.540000,-7884.140000
337,Entry short,2025-04-06 08:15,1791.320000,13,420.420000,1.8100,732.030000,59.540000,-7884.140000
336,Exit long,2025-04-06 08:15,1791.320000,12,17.280000,0.0800,318.000000,344.400000,-8304.560000
336,Entry long,2025-04-05 14:15,1789.880000,12,17.280000,0.0800,318.000000,344.400000,-8304.560000
335,Exit short,2025-04-05 14:15,1789.880000,11,227.040000,1.1400,311.740000,118.140000,-8321.840000
335,Entry short,2025-04-05 08:15,1810.520000,11,227.040000,1.1400,311.740000,118.140000,-8321.840000
334,Exit long,2025-04-05 08:15,1810.520000,10,180.400000,1.0100,362.300000,174.800000,-8548.880000
334,Entry long,2025-04-04 14:15,1792.480000,10,180.400000,1.0100,362.300000,174.800000,-8548.880000
333,Exit short,2025-04-04 14:15,1792.480000,9,251.370000,1.5300,566.010000,128.610000,-8729.280000
333,Entry short,2025-04-04 08:15,1820.410000,9,251.370000,1.5300,566.010000,128.610000,-8729.280000
332,Exit long,2025-04-04 08:15,1820.410000,8,450.480000,3.1900,468.720000,112.720000,-8980.650000
332,Entry long,2025-04-03 14:15,1764.100000,8,450.480000,3.1900,468.720000,112.720000,-8980.650000
331,Exit short,2025-04-03 14:15,1764.100000,7,388.500000,3.0500,504.910000,27.230000,-9431.130000
331,Entry short,2025-04-03 08:15,1819.600000,7,388.500000,3.0500,504.910000,27.230000,-9431.130000
330,Exit long,2025-04-03 08:15,1819.600000,6,-261.240000,-2.3400,568.980000,495.720000,-9819.630000
330,Entry long,2025-04-02 14:15,1863.140000,6,-261.240000,-2.3400,568.980000,495.720000,-9819.630000
329,Exit short,2025-04-02 14:15,1863.140000,5,6.850000,0.0700,56.950000,140.950000,-9558.390000
329,Entry short,2025-04-02 08:15,1864.510000,5,6.850000,0.0700,56.950000,140.950000,-9558.390000
328,Exit long,2025-04-02 08:15,1864.510000,4,60.920000,0.8200,314.040000,32.320000,-9565.240000
328,Entry long,2025-04-01 14:15,1849.280000,4,60.920000,0.8200,314.040000,32.320000,-9565.240000
327,Exit short,2025-04-01 14:15,1849.280000,3,35.400000,0.6300,51.330000,91.020000,-9626.160000
327,Entry short,2025-04-01 08:15,1861.080000,3,35.400000,0.6300,51.330000,91.020000,-9626.160000
326,Exit long,2025-04-01 08:15,1861.080000,2,64.140000,1.7500,75.940000,27.580000,-9661.560000
326,Entry long,2025-03-31 14:15,1829.010000,2,64.140000,1.7500,75.940000,27.580000,-9661.560000
325,Exit short,2025-03-31 14:15,1829.010000,1,-26.070000,-1.4500,26.380000,42.840000,-9725.700000
325,Entry short,2025-03-31 08:15,1802.940000,1,-26.070000,-1.4500,26.380000,42.840000,-9725.700000
324,Exit long,2025-03-31 00:15,1807.820000,14,13.860000,0.0500,388.360000,571.060000,-9699.630000
324,Entry long,2025-03-30 14:15,1806.830000,14,13.860000,0.0500,388.360000,571.060000,-9699.630000
323,Exit short,2025-03-30 14:15,1806.830000,13,448.760000,1.8700,771.550000,87.490000,-9713.490000
323,Entry short,2025-03-30 08:15,1841.350000,13,448.760000,1.8700,771.550000,87.490000,-9713.490000
322,Exit long,2025-03-30 08:15,1841.350000,12,-150.360000,-0.6800,13.320000,693.000000,-10162.250000
322,Entry long,2025-03-29 14:15,1853.880000,12,-150.360000,-0.6800,13.320000,693.000000,-10162.250000
321,Exit short,2025-03-29 14:15,1853.880000,11,299.970000,1.4500,537.460000,59.730000,-10011.890000
321,Entry short,2025-03-29 08:15,1881.150000,11,299.970000,1.4500,537.460000,59.730000,-10011.890000
320,Exit long,2025-03-29 08:15,1881.150000,10,10.200000,0.0500,328.100000,190.600000,-10311.860000
320,Entry long,2025-03-28 14:15,1880.130000,10,10.200000,0.0500,328.100000,190.600000,-10311.860000
319,Exit short,2025-03-28 14:15,1880.130000,9,294.120000,1.7100,527.490000,100.710000,-10322.060000
319,Entry short,2025-03-28 08:15,1912.810000,9,294.120000,1.7100,527.490000,100.710000,-10322.060000
318,Exit long,2025-03-28 08:15,1912.810000,8,-722.880000,-4.5100,178.080000,851.760000,-10616.180000
318,Entry long,2025-03-27 14:15,2003.170000,8,-722.880000,-4.5100,178.080000,851.760000,-10616.180000
317,Exit short,2025-03-27 14:15,2003.170000,7,122.010000,0.8600,244.230000,100.800000,-9893.300000
317,Entry short,2025-03-27 08:15,2020.600000,7,122.010000,0.8600,244.230000,100.800000,-9893.300000
316,Exit long,2025-03-27 08:15,2020.600000,6,-51.720000,-0.4200,45.960000,292.860000,-10015.310000
316,Entry long,2025-03-26 14:15,2029.220000,6,-51.720000,-0.4200,45.960000,292.860000,-10015.310000
315,Exit short,2025-03-26 14:15,2029.220000,5,178.600000,1.7300,202.700000,49.550000,-9963.590000
315,Entry short,2025-03-26 08:15,2064.940000,5,178.600000,1.7300,202.700000,49.550000,-9963.590000
314,Exit long,2025-03-26 08:15,2064.940000,4,7.480000,0.0900,80.560000,88.680000,-10142.190000
314,Entry long,2025-03-25 14:15,2063.070000,4,7.480000,0.0900,80.560000,88.680000,-10142.190000
313,Exit short,2025-03-25 14:15,2063.070000,3,-14.160000,-0.2300,22.950000,62.250000,-10149.670000
313,Entry short,2025-03-25 08:15,2058.350000,3,-14.160000,-0.2300,22.950000,62.250000,-10149.670000
312,Exit long,2025-03-25 08:15,2058.350000,2,-66.740000,-1.6000,20.360000,111.440000,-10135.510000
312,Entry long,2025-03-24 14:15,2091.720000,2,-66.740000,-1.6000,20.360000,111.440000,-10135.510000
311,Exit short,2025-03-24 14:15,2091.720000,1,-15.520000,-0.7500,4.000000,28.040000,-10068.770000
311,Entry short,2025-03-24 08:15,2076.200000,1,-15.520000,-0.7500,4.000000,28.040000,-10068.770000
310,Exit long,2025-03-24 00:15,1999.550000,14,-206.640000,-0.7300,21.840000,497.420000,-10053.250000
310,Entry long,2025-03-23 14:15,2014.310000,14,-206.640000,-0.7300,21.840000,497.420000,-10053.250000
309,Exit short,2025-03-23 14:15,2014.310000,13,-41.210000,-0.1600,125.840000,113.490000,-9846.610000
309,Entry short,2025-03-23 08:15,2011.140000,13,-41.210000,-0.1600,125.840000,113.490000,-9846.610000
308,Exit long,2025-03-23 08:15,2011.140000,12,254.880000,1.0700,361.200000,201.240000,-9805.400000
308,Entry long,2025-03-22 14:15,1989.900000,12,254.880000,1.0700,361.200000,201.240000,-9805.400000
307,Exit short,2025-03-22 14:15,1989.900000,11,-76.010000,-0.3500,28.490000,253.110000,-10060.280000
307,Entry short,2025-03-22 08:15,1982.990000,11,-76.010000,-0.3500,28.490000,253.110000,-10060.280000
306,Exit long,2025-03-22 08:15,1982.990000,10,404.900000,2.0800,498.000000,19.700000,-9984.270000
306,Entry long,2025-03-21 14:15,1942.500000,10,404.900000,2.0800,498.000000,19.700000,-9984.270000
305,Exit short,2025-03-21 14:15,1942.500000,9,304.830000,1.7100,399.330000,22.500000,-10389.170000
305,Entry short,2025-03-21 08:15,1976.370000,9,304.830000,1.7100,399.330000,22.500000,-10389.170000
304,Exit long,2025-03-21 08:15,1976.370000,8,-131.840000,-0.8300,135.120000,333.600000,-10694.000000
304,Entry long,2025-03-20 14:15,1992.850000,8,-131.840000,-0.8300,135.120000,333.600000,-10694.000000
303,Exit short,2025-03-20 14:15,1992.850000,7,85.680000,0.6100,243.460000,108.360000,-10562.160000
303,Entry short,2025-03-20 08:15,2005.090000,7,85.680000,0.6100,243.460000,108.360000,-10562.160000
302,Exit long,2025-03-20 08:15,2005.090000,6,-124.320000,-1.0200,263.280000,189.900000,-10647.840000
302,Entry long,2025-03-19 14:15,2025.810000,6,-124.320000,-1.0200,263.280000,189.900000,-10647.840000
301,Exit short,2025-03-19 14:15,2025.810000,5,-448.300000,-4.6300,9.600000,531.750000,-10523.520000
301,Entry short,2025-03-19 08:15,1936.150000,5,-448.300000,-4.6300,9.600000,531.750000,-10523.520000
300,Exit long,2025-03-19 08:15,1936.150000,4,217.360000,2.8900,266.760000,37.840000,-10075.220000
300,Entry long,2025-03-18 14:15,1881.810000,4,217.360000,2.8900,266.760000,37.840000,-10075.220000
299,Exit short,2025-03-18 14:15,1881.810000,3,63.570000,1.1100,95.580000,27.900000,-10292.580000
299,Entry short,2025-03-18 08:15,1903.000000,3,63.570000,1.1100,95.580000,27.900000,-10292.580000
298,Exit long,2025-03-18 08:15,1903.000000,2,16.000000,0.4200,113.520000,15.220000,-10356.150000
298,Entry long,2025-03-17 14:15,1895.000000,2,16.000000,0.4200,113.520000,15.220000,-10356.150000
297,Exit short,2025-03-17 14:15,1895.000000,1,1.970000,0.1000,10.680000,50.030000,-10372.150000
297,Entry short,2025-03-17 08:15,1896.970000,1,1.970000,0.1000,10.680000,50.030000,-10372.150000
296,Exit long,2025-03-17 00:15,1887.710000,14,100.380000,0.3800,607.040000,328.440000,-10374.120000
296,Entry long,2025-03-16 14:15,1880.540000,14,100.380000,0.3800,607.040000,328.440000,-10374.120000
295,Exit short,2025-03-16 14:15,1880.540000,13,540.410000,2.1600,736.060000,8.060000,-10474.500000
295,Entry short,2025-03-16 08:15,1922.110000,13,540.410000,2.1600,736.060000,8.060000,-10474.500000
294,Exit long,2025-03-16 08:15,1922.110000,12,-76.680000,-0.3300,350.160000,159.360000,-11014.910000
294,Entry long,2025-03-15 14:15,1928.500000,12,-76.680000,-0.3300,350.160000,159.360000,-11014.910000
293,Exit short,2025-03-15 14:15,1928.500000,11,-138.160000,-0.6600,49.940000,181.170000,-10938.230000
293,Entry short,2025-03-15 08:15,1915.940000,11,-138.160000,-0.6600,49.940000,181.170000,-10938.230000
292,Exit long,2025-03-15 08:15,1915.940000,10,147.500000,0.7800,444.300000,69.900000,-10800.070000
292,Entry long,2025-03-14 14:15,1901.190000,10,147.500000,0.7800,444.300000,69.900000,-10800.070000
291,Exit short,2025-03-14 14:15,1901.190000,9,-49.680000,-0.2900,204.030000,167.130000,-10947.570000
291,Entry short,2025-03-14 08:15,1895.670000,9,-49.680000,-0.2900,204.030000,167.130000,-10947.570000
290,Exit long,2025-03-14 08:15,1895.670000,8,54.640000,0.3600,128.800000,549.120000,-10897.890000
290,Entry long,2025-03-13 14:15,1888.840000,8,54.640000,0.3600,128.800000,549.120000,-10897.890000
289,Exit short,2025-03-13 14:15,1888.840000,7,-100.660000,-0.7700,155.960000,332.780000,-10952.530000
289,Entry short,2025-03-13 08:15,1874.460000,7,-100.660000,-0.7700,155.960000,332.780000,-10952.530000
288,Exit long,2025-03-13 08:15,1874.460000,6,-32.520000,-0.2900,219.960000,306.060000,-10851.870000
288,Entry long,2025-03-12 14:15,1879.880000,6,-32.520000,-0.2900,219.960000,306.060000,-10851.870000
287,Exit short,2025-03-12 14:15,1879.880000,5,225.600000,2.3400,275.000000,154.500000,-10819.350000
287,Entry short,2025-03-12 08:15,1925.000000,5,225.600000,2.3400,275.000000,154.500000,-10819.350000
286,Exit long,2025-03-12 08:15,1925.000000,4,141.240000,1.8700,291.040000,201.120000,-11044.950000
286,Entry long,2025-03-11 14:15,1889.690000,4,141.240000,1.8700,291.040000,201.120000,-11044.950000
285,Exit short,2025-03-11 14:15,1889.690000,3,68.160000,1.1900,142.350000,172.080000,-11186.190000
285,Entry short,2025-03-11 08:15,1912.410000,3,68.160000,1.1900,142.350000,172.080000,-11186.190000
284,Exit long,2025-03-11 08:15,1912.410000,2,-261.180000,-6.3900,9.300000,581.000000,-11254.350000
284,Entry long,2025-03-10 14:15,2043.000000,2,-261.180000,-6.3900,9.300000,581.000000,-11254.350000
283,Exit short,2025-03-10 14:15,2043.000000,1,26.120000,1.2600,33.360000,83.870000,-10993.170000
283,Entry short,2025-03-10 08:15,2069.120000,1,26.120000,1.2600,33.360000,83.870000,-10993.170000
282,Exit long,2025-03-10 00:15,2022.080000,14,-1215.200000,-4.1200,207.480000,1709.120000,-11019.290000
282,Entry long,2025-03-09 14:15,2108.880000,14,-1215.200000,-4.1200,207.480000,1709.120000,-11019.290000
281,Exit short,2025-03-09 14:15,2108.880000,13,932.880000,3.2900,1117.350000,82.680000,-9804.090000
281,Entry short,2025-03-09 08:15,2180.640000,13,932.880000,3.2900,1117.350000,82.680000,-9804.090000
280,Exit long,2025-03-09 08:15,2180.640000,12,-60.600000,-0.2300,584.520000,305.880000,-10736.970000
280,Entry long,2025-03-08 14:15,2185.690000,12,-60.600000,-0.2300,584.520000,305.880000,-10736.970000
279,Exit short,2025-03-08 14:15,2185.690000,11,-618.200000,-2.6400,44.990000,753.610000,-10676.370000
279,Entry short,2025-03-08 08:15,2129.490000,11,-618.200000,-2.6400,44.990000,753.610000,-10676.370000
278,Exit long,2025-03-08 08:15,2129.490000,10,-616.100000,-2.8100,682.400000,880.300000,-10058.170000
278,Entry long,2025-03-07 14:15,2191.100000,10,-616.100000,-2.8100,682.400000,880.300000,-10058.170000
277,Exit short,2025-03-07 14:15,2191.100000,9,-15.480000,-0.0800,225.090000,356.580000,-9442.070000
277,Entry short,2025-03-07 08:15,2189.380000,9,-15.480000,-0.0800,225.090000,356.580000,-9442.070000
276,Exit long,2025-03-07 08:15,2189.380000,8,-449.760000,-2.5000,232.240000,1158.800000,-9426.590000
276,Entry long,2025-03-06 14:15,2245.600000,8,-449.760000,-2.5000,232.240000,1158.800000,-9426.590000
275,Exit short,2025-03-06 14:15,2245.600000,7,270.550000,1.6900,308.350000,144.760000,-8976.830000
275,Entry short,2025-03-06 08:15,2284.250000,7,270.550000,1.6900,308.350000,144.760000,-8976.830000
274,Exit long,2025-03-06 08:15,2284.250000,6,523.500000,3.9700,731.940000,219.180000,-9247.380000
274,Entry long,2025-03-05 14:15,2197.000000,6,523.500000,3.9700,731.940000,219.180000,-9247.380000
273,Exit short,2025-03-05 14:15,2197.000000,5,96.900000,0.8700,126.350000,282.800000,-9770.880000
273,Entry short,2025-03-05 08:15,2216.380000,5,96.900000,0.8700,126.350000,282.800000,-9770.880000
272,Exit long,2025-03-05 08:15,2216.380000,4,571.400000,6.8900,592.960000,374.160000,-9867.780000
272,Entry long,2025-03-04 14:15,2073.530000,4,571.400000,6.8900,592.960000,374.160000,-9867.780000
271,Exit short,2025-03-04 14:15,2073.530000,3,26.280000,0.4200,94.560000,105.450000,-10439.180000
271,Entry short,2025-03-04 08:15,2082.290000,3,26.280000,0.4200,94.560000,105.450000,-10439.180000
270,Exit long,2025-03-04 08:15,2082.290000,2,-585.460000,-12.3300,0.500000,747.860000,-10465.460000
270,Entry long,2025-03-03 14:15,2375.020000,2,-585.460000,-12.3300,0.500000,747.860000,-10465.460000
269,Exit short,2025-03-03 14:15,2375.020000,1,4.490000,0.1900,58.510000,8.930000,-9880.000000
269,Entry short,2025-03-03 08:15,2379.510000,1,4.490000,0.1900,58.510000,8.930000,-9880.000000
268,Exit long,2025-03-03 00:15,2481.270000,14,3939.460000,12.7900,4901.680000,417.060000,-9884.490000
268,Entry long,2025-03-02 14:15,2199.880000,14,3939.460000,12.7900,4901.680000,417.060000,-9884.490000
267,Exit short,2025-03-02 14:15,2199.880000,13,141.700000,0.4900,208.000000,647.790000,-13823.950000
267,Entry short,2025-03-02 08:15,2210.780000,13,141.700000,0.4900,208.000000,647.790000,-13823.950000
266,Exit long,2025-03-02 08:15,2210.780000,12,653.040000,2.5200,943.560000,56.880000,-13965.650000
266,Entry long,2025-03-01 14:15,2156.360000,12,653.040000,2.5200,943.560000,56.880000,-13965.650000
265,Exit short,2025-03-01 14:15,2156.360000,11,829.400000,3.3800,996.490000,77.110000,-14618.690000
265,Entry short,2025-03-01 08:15,2231.760000,11,829.400000,3.3800,996.490000,77.110000,-14618.690000
264,Exit long,2025-03-01 08:15,2231.760000,10,615.800000,2.8400,1095.700000,330.900000,-15448.090000
264,Entry long,2025-02-28 14:15,2170.180000,10,615.800000,2.8400,1095.700000,330.900000,-15448.090000
263,Exit short,2025-02-28 14:15,2170.180000,9,-669.330000,-3.5500,190.800000,842.850000,-16063.890000
263,Entry short,2025-02-28 08:15,2095.810000,9,-669.330000,-3.5500,190.800000,842.850000,-16063.890000
262,Exit long,2025-02-28 08:15,2095.810000,8,-1930.160000,-10.3200,144.000000,2136.640000,-15394.560000
262,Entry long,2025-02-27 14:15,2337.080000,8,-1930.160000,-10.3200,144.000000,2136.640000,-15394.560000
261,Exit short,2025-02-27 14:15,2337.080000,7,131.880000,0.8000,210.560000,178.640000,-13464.400000
261,Entry short,2025-02-27 08:15,2355.920000,7,131.880000,0.8000,210.560000,178.640000,-13464.400000
260,Exit long,2025-02-27 08:15,2355.920000,6,-206.100000,-1.4400,424.980000,824.940000,-13596.280000
260,Entry long,2025-02-26 14:15,2390.270000,6,-206.100000,-1.4400,424.980000,824.940000,-13596.280000
259,Exit short,2025-02-26 14:15,2390.270000,5,381.250000,3.0900,425.750000,140.500000,-13390.180000
259,Entry short,2025-02-26 08:15,2466.520000,5,381.250000,3.0900,425.750000,140.500000,-13390.180000
258,Exit long,2025-02-26 08:15,2466.520000,4,178.960000,1.8500,444.440000,244.520000,-13771.430000
258,Entry long,2025-02-25 14:15,2421.780000,4,178.960000,1.8500,444.440000,244.520000,-13771.430000
257,Exit short,2025-02-25 14:15,2421.780000,3,-102.720000,-1.4300,96.540000,181.380000,-13950.390000
257,Entry short,2025-02-25 08:15,2387.540000,3,-102.720000,-1.4300,96.540000,181.380000,-13950.390000
256,Exit long,2025-02-25 08:15,2387.540000,2,-566.920000,-10.6100,31.640000,767.740000,-13847.670000
256,Entry long,2025-02-24 14:15,2671.000000,2,-566.920000,-10.6100,31.640000,767.740000,-13847.670000
255,Exit short,2025-02-24 14:15,2671.000000,1,38.530000,1.4200,47.530000,1.710000,-13280.750000
255,Entry short,2025-02-24 08:15,2709.530000,1,38.530000,1.4200,47.530000,1.710000,-13280.750000
254,Exit long,2025-02-24 00:15,2836.330000,14,330.400000,0.8400,674.380000,572.320000,-13319.280000
254,Entry long,2025-02-23 14:15,2812.730000,14,330.400000,0.8400,674.380000,572.320000,-13319.280000
253,Exit short,2025-02-23 14:15,2812.730000,13,64.220000,0.1800,479.960000,109.720000,-13649.680000
253,Entry short,2025-02-23 08:15,2817.670000,13,64.220000,0.1800,479.960000,109.720000,-13649.680000
252,Exit long,2025-02-23 08:15,2817.670000,12,1084.920000,3.3200,1244.880000,0.360000,-13713.900000
252,Entry long,2025-02-22 14:15,2727.260000,12,1084.920000,3.3200,1244.880000,0.360000,-13713.900000
251,Exit short,2025-02-22 14:15,2727.260000,11,-562.760000,-1.9100,10.340000,846.560000,-14798.820000
251,Entry short,2025-02-22 08:15,2676.100000,11,-562.760000,-1.9100,10.340000,846.560000,-14798.820000
250,Exit long,2025-02-22 08:15,2676.100000,10,-1444.000000,-5.1200,106.000000,2057.400000,-14236.060000
250,Entry long,2025-02-21 14:15,2820.500000,10,-1444.000000,-5.1200,106.000000,2057.400000,-14236.060000
249,Exit short,2025-02-21 14:15,2820.500000,9,-567.720000,-2.2900,97.830000,788.220000,-12792.060000
249,Entry short,2025-02-21 08:15,2757.420000,9,-567.720000,-2.2900,97.830000,788.220000,-12792.060000
248,Exit long,2025-02-21 08:15,2757.420000,8,-8.320000,-0.0400,96.320000,422.560000,-12224.340000
248,Entry long,2025-02-20 14:15,2758.460000,8,-8.320000,-0.0400,96.320000,422.560000,-12224.340000
247,Exit short,2025-02-20 14:15,2758.460000,7,-180.110000,-0.9400,63.070000,236.040000,-12216.020000
247,Entry short,2025-02-20 08:15,2732.730000,7,-180.110000,-0.9400,63.070000,236.040000,-12216.020000
246,Exit long,2025-02-20 08:15,2732.730000,6,127.320000,0.7800,282.120000,214.320000,-12035.910000
246,Entry long,2025-02-19 14:15,2711.510000,6,127.320000,0.7800,282.120000,214.320000,-12035.910000
245,Exit short,2025-02-19 14:15,2711.510000,5,-7.550000,-0.0600,36.500000,130.600000,-12163.230000
245,Entry short,2025-02-19 08:15,2710.000000,5,-7.550000,-0.0600,36.500000,130.600000,-12163.230000
244,Exit long,2025-02-19 08:15,2710.000000,4,-8.880000,-0.0800,78.080000,432.160000,-12155.680000
244,Entry long,2025-02-18 14:15,2712.220000,4,-8.880000,-0.0800,78.080000,432.160000,-12155.680000
243,Exit short,2025-02-18 14:15,2712.220000,3,-130.770000,-1.6300,51.630000,153.960000,-12146.800000
243,Entry short,2025-02-18 08:15,2668.630000,3,-130.770000,-1.6300,51.630000,153.960000,-12146.800000
242,Exit long,2025-02-18 08:15,2668.630000,2,-293.840000,-5.2200,66.420000,330.480000,-12016.030000
242,Entry long,2025-02-17 14:15,2815.550000,2,-293.840000,-5.2200,66.420000,330.480000,-12016.030000
241,Exit short,2025-02-17 14:15,2815.550000,1,-119.500000,-4.4300,11.050000,120.940000,-11722.190000
241,Entry short,2025-02-17 08:15,2696.050000,1,-119.500000,-4.4300,11.050000,120.940000,-11722.190000
240,Exit long,2025-02-17 00:15,2662.500000,14,-299.740000,-0.8000,263.060000,562.240000,-11602.690000
240,Entry long,2025-02-16 14:15,2683.910000,14,-299.740000,-0.8000,263.060000,562.240000,-11602.690000
239,Exit short,2025-02-16 14:15,2683.910000,13,164.840000,0.4700,285.740000,198.640000,-11302.950000
239,Entry short,2025-02-16 08:15,2696.590000,13,164.840000,0.4700,285.740000,198.640000,-11302.950000
238,Exit long,2025-02-16 08:15,2696.590000,12,-53.760000,-0.1700,302.400000,549.120000,-11467.790000
238,Entry long,2025-02-15 14:15,2701.070000,12,-53.760000,-0.1700,302.400000,549.120000,-11467.790000
237,Exit short,2025-02-15 14:15,2701.070000,11,-16.170000,-0.0500,60.280000,156.420000,-11414.030000
237,Entry short,2025-02-15 08:15,2699.600000,11,-16.170000,-0.0500,60.280000,156.420000,-11414.030000
236,Exit long,2025-02-15 08:15,2699.600000,10,3.500000,0.0100,917.500000,122.500000,-11397.860000
236,Entry long,2025-02-14 14:15,2699.250000,10,3.500000,0.0100,917.500000,122.500000,-11397.860000
235,Exit short,2025-02-14 14:15,2699.250000,9,-15.750000,-0.0600,190.530000,164.340000,-11401.360000
235,Entry short,2025-02-14 08:15,2697.500000,9,-15.750000,-0.0600,190.530000,164.340000,-11401.360000
234,Exit long,2025-02-14 08:15,2697.500000,8,491.360000,2.3300,676.960000,202.880000,-11385.610000
234,Entry long,2025-02-13 14:15,2636.080000,8,491.360000,2.3300,676.960000,202.880000,-11385.610000
233,Exit short,2025-02-13 14:15,2636.080000,7,284.340000,1.5200,434.700000,76.300000,-11876.970000
233,Entry short,2025-02-13 08:15,2676.700000,7,284.340000,1.5200,434.700000,76.300000,-11876.970000
232,Exit long,2025-02-13 08:15,2676.700000,6,563.280000,3.6300,1273.020000,243.660000,-12161.310000
232,Entry long,2025-02-12 14:15,2582.820000,6,563.280000,3.6300,1273.020000,243.660000,-12161.310000
231,Exit short,2025-02-12 14:15,2582.820000,5,240.450000,1.8300,378.750000,168.850000,-12724.590000
231,Entry short,2025-02-12 08:15,2630.910000,5,240.450000,1.8300,378.750000,168.850000,-12724.590000
230,Exit long,2025-02-12 08:15,2630.910000,4,-72.000000,-0.6800,109.480000,384.120000,-12965.040000
230,Entry long,2025-02-11 14:15,2648.910000,4,-72.000000,-0.6800,109.480000,384.120000,-12965.040000
229,Exit short,2025-02-11 14:15,2648.910000,3,180.000000,2.2100,254.400000,34.890000,-12893.040000
229,Entry short,2025-02-11 08:15,2708.910000,3,180.000000,2.2100,254.400000,34.890000,-12893.040000
228,Exit long,2025-02-11 08:15,2708.910000,2,104.420000,1.9700,135.580000,38.240000,-13073.040000
228,Entry long,2025-02-10 14:15,2656.700000,2,104.420000,1.9700,135.580000,38.240000,-13073.040000
227,Exit short,2025-02-10 14:15,2656.700000,1,-9.600000,-0.3600,17.100000,38.550000,-13177.460000
227,Entry short,2025-02-10 08:15,2647.100000,1,-9.600000,-0.3600,17.100000,38.550000,-13177.460000
226,Exit long,2025-02-10 00:15,2644.100000,14,208.880000,0.5700,512.400000,1554.840000,-13167.860000
226,Entry long,2025-02-09 14:15,2629.180000,14,208.880000,0.5700,512.400000,1554.840000,-13167.860000
225,Exit short,2025-02-09 14:15,2629.180000,13,515.450000,1.4900,764.790000,46.540000,-13376.740000
225,Entry short,2025-02-09 08:15,2668.830000,13,515.450000,1.4900,764.790000,46.540000,-13376.740000
224,Exit long,2025-02-09 08:15,2668.830000,12,585.120000,1.8600,935.160000,396.240000,-13892.190000
224,Entry long,2025-02-08 14:15,2620.070000,12,585.120000,1.8600,935.160000,396.240000,-13892.190000
223,Exit short,2025-02-08 14:15,2620.070000,11,19.580000,0.0700,266.640000,152.130000,-14477.310000
223,Entry short,2025-02-08 08:15,2621.850000,11,19.580000,0.0700,266.640000,152.130000,-14477.310000
222,Exit long,2025-02-08 08:15,2621.850000,10,-1608.600000,-5.7800,134.100000,2220.300000,-14496.890000
222,Entry long,2025-02-07 14:15,2782.710000,10,-1608.600000,-5.7800,134.100000,2220.300000,-14496.890000
221,Exit short,2025-02-07 14:15,2782.710000,9,-575.100000,-2.3500,38.700000,640.710000,-12888.290000
221,Entry short,2025-02-07 08:15,2718.810000,9,-575.100000,-2.3500,38.700000,640.710000,-12888.290000
220,Exit long,2025-02-07 08:15,2718.810000,8,-485.840000,-2.1800,2.960000,1036.320000,-12313.190000
220,Entry long,2025-02-06 14:15,2779.540000,8,-485.840000,-2.1800,2.960000,1036.320000,-12313.190000
219,Exit short,2025-02-06 14:15,2779.540000,7,388.220000,1.9600,482.440000,157.010000,-11827.350000
219,Entry short,2025-02-06 08:15,2835.000000,7,388.220000,1.9600,482.440000,157.010000,-11827.350000
218,Exit long,2025-02-06 08:15,2835.000000,6,164.220000,0.9700,283.920000,567.480000,-12215.570000
218,Entry long,2025-02-05 14:15,2807.630000,6,164.220000,0.9700,283.920000,567.480000,-12215.570000
217,Exit short,2025-02-05 14:15,2807.630000,5,-215.900000,-1.5600,97.050000,287.700000,-12379.790000
217,Entry short,2025-02-05 08:15,2764.450000,5,-215.900000,-1.5600,97.050000,287.700000,-12379.790000
216,Exit long,2025-02-05 08:15,2764.450000,4,-63.920000,-0.5700,351.480000,599.720000,-12163.890000
216,Entry long,2025-02-04 14:15,2780.430000,4,-63.920000,-0.5700,351.480000,599.720000,-12163.890000
215,Exit short,2025-02-04 14:15,2780.430000,3,-202.020000,-2.4800,113.430000,365.250000,-12099.970000
215,Entry short,2025-02-04 08:15,2713.090000,3,-202.020000,-2.4800,113.430000,365.250000,-12099.970000
214,Exit long,2025-02-04 08:15,2713.090000,2,333.780000,6.5500,746.280000,39.040000,-11897.950000
214,Entry long,2025-02-03 14:15,2546.200000,2,333.780000,6.5500,746.280000,39.040000,-11897.950000
213,Exit short,2025-02-03 14:15,2546.200000,1,52.170000,2.0100,74.810000,36.150000,-12231.730000
213,Entry short,2025-02-03 08:15,2598.370000,1,52.170000,2.0100,74.810000,36.150000,-12231.730000
212,Exit long,2025-02-03 00:15,2850.940000,14,-3423.700000,-7.9000,68.180000,5032.720000,-12283.900000
212,Entry long,2025-02-02 14:15,3095.490000,14,-3423.700000,-7.9000,68.180000,5032.720000,-12283.900000
211,Exit short,2025-02-02 14:15,3095.490000,13,-47.840000,-0.1200,556.400000,405.340000,-8860.200000
211,Entry short,2025-02-02 08:15,3091.810000,13,-47.840000,-0.1200,556.400000,405.340000,-8860.200000
210,Exit long,2025-02-02 08:15,3091.810000,12,-1790.400000,-4.6000,299.880000,2090.160000,-8812.360000
210,Entry long,2025-02-01 14:15,3241.010000,12,-1790.400000,-4.6000,299.880000,2090.160000,-8812.360000
209,Exit short,2025-02-01 14:15,3241.010000,11,436.260000,1.2100,641.960000,26.400000,-7021.960000
209,Entry short,2025-02-01 08:15,3280.670000,11,436.260000,1.2100,641.960000,26.400000,-7021.960000
208,Exit long,2025-02-01 08:15,3280.670000,10,-774.900000,-2.3100,782.300000,871.600000,-7458.220000
208,Entry long,2025-01-31 14:15,3358.160000,10,-774.900000,-2.3100,782.300000,871.600000,-7458.220000
207,Exit short,2025-01-31 14:15,3358.160000,9,-1049.220000,-3.6000,85.770000,1105.200000,-6683.320000
207,Entry short,2025-01-31 08:15,3241.580000,9,-1049.220000,-3.6000,85.770000,1105.200000,-6683.320000
206,Exit long,2025-01-31 08:15,3241.580000,8,-177.680000,-0.6800,150.480000,411.840000,-5634.100000
206,Entry long,2025-01-30 14:15,3263.790000,8,-177.680000,-0.6800,150.480000,411.840000,-5634.100000
205,Exit short,2025-01-30 14:15,3263.790000,7,-576.870000,-2.5900,9.660000,672.840000,-5456.420000
205,Entry short,2025-01-30 08:15,3181.380000,7,-576.870000,-2.5900,9.660000,672.840000,-5456.420000
204,Exit long,2025-01-30 08:15,3181.380000,6,457.860000,2.4600,658.680000,313.140000,-4879.550000
204,Entry long,2025-01-29 14:15,3105.070000,6,457.860000,2.4600,658.680000,313.140000,-4879.550000
203,Exit short,2025-01-29 14:15,3105.070000,5,249.850000,1.5800,337.950000,2.500000,-5337.410000
203,Entry short,2025-01-29 08:15,3155.040000,5,249.850000,1.5800,337.950000,2.500000,-5337.410000
202,Exit long,2025-01-29 08:15,3155.040000,4,-21.240000,-0.1700,221.760000,489.400000,-5587.260000
202,Entry long,2025-01-28 14:15,3160.350000,4,-21.240000,-0.1700,221.760000,489.400000,-5587.260000
201,Exit short,2025-01-28 14:15,3160.350000,3,92.490000,0.9700,110.700000,46.590000,-5566.020000
201,Entry short,2025-01-28 08:15,3191.180000,3,92.490000,0.9700,110.700000,46.590000,-5566.020000
200,Exit long,2025-01-28 08:15,3191.180000,2,213.400000,3.4600,307.040000,81.900000,-5658.510000
200,Entry long,2025-01-27 14:15,3084.480000,2,213.400000,3.4600,307.040000,81.900000,-5658.510000
199,Exit short,2025-01-27 14:15,3084.480000,1,-19.260000,-0.6300,32.820000,68.060000,-5871.910000
199,Entry short,2025-01-27 08:15,3065.220000,1,-19.260000,-0.6300,32.820000,68.060000,-5871.910000
198,Exit long,2025-01-27 00:15,3238.940000,14,-831.180000,-1.8000,643.300000,1261.820000,-5852.650000
198,Entry long,2025-01-26 14:15,3298.310000,14,-831.180000,-1.8000,643.300000,1261.820000,-5852.650000
197,Exit short,2025-01-26 14:15,3298.310000,13,493.350000,1.1400,592.540000,6.370000,-5021.470000
197,Entry short,2025-01-26 08:15,3336.260000,13,493.350000,1.1400,592.540000,6.370000,-5021.470000
196,Exit long,2025-01-26 08:15,3336.260000,12,448.920000,1.1300,769.800000,16.080000,-5514.820000
196,Entry long,2025-01-25 14:15,3298.850000,12,448.920000,1.1300,769.800000,16.080000,-5514.820000
195,Exit short,2025-01-25 14:15,3298.850000,11,-26.730000,-0.0700,290.620000,155.980000,-5963.740000
195,Entry short,2025-01-25 08:15,3296.420000,11,-26.730000,-0.0700,290.620000,155.980000,-5963.740000
194,Exit long,2025-01-25 08:15,3296.420000,10,-905.700000,-2.6700,350.100000,1204.600000,-5937.010000
194,Entry long,2025-01-24 14:15,3386.990000,10,-905.700000,-2.6700,350.100000,1204.600000,-5937.010000
193,Exit short,2025-01-24 14:15,3386.990000,9,39.150000,0.1300,86.310000,347.850000,-5031.310000
193,Entry short,2025-01-24 08:15,3391.340000,9,39.150000,0.1300,86.310000,347.850000,-5031.310000
192,Exit long,2025-01-24 08:15,3391.340000,8,1279.040000,4.9500,1514.240000,310.640000,-5070.460000
192,Entry long,2025-01-23 14:15,3231.460000,8,1279.040000,4.9500,1514.240000,310.640000,-5070.460000
191,Exit short,2025-01-23 14:15,3231.460000,7,-33.950000,-0.1500,275.870000,111.020000,-6349.500000
191,Entry short,2025-01-23 08:15,3226.610000,7,-33.950000,-0.1500,275.870000,111.020000,-6349.500000
190,Exit long,2025-01-23 08:15,3226.610000,6,-336.180000,-1.7100,170.160000,633.840000,-6315.550000
190,Entry long,2025-01-22 14:15,3282.640000,6,-336.180000,-1.7100,170.160000,633.840000,-6315.550000
189,Exit short,2025-01-22 14:15,3282.640000,5,47.850000,0.2900,98.550000,197.550000,-5979.370000
189,Entry short,2025-01-22 08:15,3292.210000,5,47.850000,0.2900,98.550000,197.550000,-5979.370000
188,Exit long,2025-01-22 08:15,3292.210000,4,-79.680000,-0.6000,223.280000,194.320000,-6027.220000
188,Entry long,2025-01-21 14:15,3312.130000,4,-79.680000,-0.6000,223.280000,194.320000,-6027.220000
187,Exit short,2025-01-21 14:15,3312.130000,3,-158.970000,-1.6300,77.400000,202.260000,-5947.540000
187,Entry short,2025-01-21 08:15,3259.140000,3,-158.970000,-1.6300,77.400000,202.260000,-5947.540000
186,Exit long,2025-01-21 08:15,3259.140000,2,-170.200000,-2.5400,94.300000,288.480000,-5788.570000
186,Entry long,2025-01-20 14:15,3344.240000,2,-170.200000,-2.5400,94.300000,288.480000,-5788.570000
185,Exit short,2025-01-20 14:15,3344.240000,1,57.260000,1.6800,146.500000,11.400000,-5618.370000
185,Entry short,2025-01-20 08:15,3401.500000,1,57.260000,1.6800,146.500000,11.400000,-5618.370000
184,Exit long,2025-01-20 00:15,3213.040000,14,-2121.840000,-4.5000,1192.380000,2934.400000,-5675.630000
184,Entry long,2025-01-19 14:15,3364.600000,14,-2121.840000,-4.5000,1192.380000,2934.400000,-5675.630000
183,Exit short,2025-01-19 14:15,3364.600000,13,-1324.700000,-3.1200,1729.910000,1329.900000,-3553.790000
183,Entry short,2025-01-19 08:15,3262.700000,13,-1324.700000,-3.1200,1729.910000,1329.900000,-3553.790000
182,Exit long,2025-01-19 08:15,3262.700000,12,-554.880000,-1.4000,825.120000,746.640000,-2229.090000
182,Entry long,2025-01-18 14:15,3308.940000,12,-554.880000,-1.4000,825.120000,746.640000,-2229.090000
181,Exit short,2025-01-18 14:15,3308.940000,11,-344.520000,-0.9600,571.670000,541.420000,-1674.210000
181,Entry short,2025-01-18 08:15,3277.620000,11,-344.520000,-0.9600,571.670000,541.420000,-1674.210000
180,Exit long,2025-01-18 08:15,3277.620000,10,-1318.000000,-3.8700,1154.300000,1591.200000,-1329.690000
180,Entry long,2025-01-17 14:15,3409.420000,10,-1318.000000,-3.8700,1154.300000,1591.200000,-1329.690000
179,Exit short,2025-01-17 14:15,3409.420000,9,-279.540000,-0.9200,53.640000,538.830000,-11.690000
179,Entry short,2025-01-17 08:15,3378.360000,9,-279.540000,-0.9200,53.640000,538.830000,-11.690000
178,Exit long,2025-01-17 08:15,3378.360000,8,371.680000,1.3900,518.000000,550.720000,267.850000
178,Entry long,2025-01-16 14:15,3331.900000,8,371.680000,1.3900,518.000000,550.720000,267.850000
177,Exit short,2025-01-16 14:15,3331.900000,7,294.280000,1.2500,533.680000,0.490000,-103.830000
177,Entry short,2025-01-16 08:15,3373.940000,7,294.280000,1.2500,533.680000,0.490000,-103.830000
176,Exit long,2025-01-16 08:15,3373.940000,6,509.040000,2.5800,1102.980000,88.800000,-398.110000
176,Entry long,2025-01-15 14:15,3289.100000,6,509.040000,2.5800,1102.980000,88.800000,-398.110000
175,Exit short,2025-01-15 14:15,3289.100000,5,-278.250000,-1.7200,241.800000,395.800000,-907.150000
175,Entry short,2025-01-15 08:15,3233.450000,5,-278.250000,-1.7200,241.800000,395.800000,-907.150000
174,Exit long,2025-01-15 08:15,3233.450000,4,113.080000,0.8800,186.040000,136.640000,-628.900000
174,Entry long,2025-01-14 14:15,3205.180000,4,113.080000,0.8800,186.040000,136.640000,-628.900000
173,Exit short,2025-01-14 14:15,3205.180000,3,-62.190000,-0.6500,31.350000,214.170000,-741.980000
173,Entry short,2025-01-14 08:15,3184.450000,3,-62.190000,-0.6500,31.350000,214.170000,-741.980000
172,Exit long,2025-01-14 08:15,3184.450000,2,268.020000,4.3900,277.120000,300.880000,-679.790000
172,Entry long,2025-01-13 14:15,3050.440000,2,268.020000,4.3900,277.120000,300.880000,-679.790000
171,Exit short,2025-01-13 14:15,3050.440000,1,144.460000,4.5200,162.900000,1.670000,-947.810000
171,Entry short,2025-01-13 08:15,3194.900000,1,144.460000,4.5200,162.900000,1.670000,-947.810000
170,Exit long,2025-01-13 00:15,3277.600000,14,64.540000,0.1400,364.140000,565.740000,-1092.270000
170,Entry long,2025-01-12 14:15,3272.990000,14,64.540000,0.1400,364.140000,565.740000,-1092.270000
169,Exit short,2025-01-12 14:15,3272.990000,13,-67.470000,-0.1600,590.200000,133.510000,-1156.810000
169,Entry short,2025-01-12 08:15,3267.800000,13,-67.470000,-0.1600,590.200000,133.510000,-1156.810000
168,Exit long,2025-01-12 08:15,3267.800000,12,64.680000,0.1700,682.680000,65.280000,-1089.340000
168,Entry long,2025-01-11 14:15,3262.410000,12,64.680000,0.1700,682.680000,65.280000,-1089.340000
167,Exit short,2025-01-11 14:15,3262.410000,11,-274.450000,-0.7700,221.100000,467.940000,-1154.020000
167,Entry short,2025-01-11 08:15,3237.460000,11,-274.450000,-0.7700,221.100000,467.940000,-1154.020000
166,Exit long,2025-01-11 08:15,3237.460000,10,-235.600000,-0.7200,619.800000,675.900000,-879.570000
166,Entry long,2025-01-10 14:15,3261.020000,10,-235.600000,-0.7200,619.800000,675.900000,-879.570000
165,Exit short,2025-01-10 14:15,3261.020000,9,353.880000,1.1900,766.530000,176.940000,-643.970000
165,Entry short,2025-01-10 08:15,3300.340000,9,353.880000,1.1900,766.530000,176.940000,-643.970000
164,Exit long,2025-01-10 08:15,3300.340000,8,484.080000,1.8700,782.480000,670.640000,-997.850000
164,Entry long,2025-01-09 14:15,3239.830000,8,484.080000,1.8700,782.480000,670.640000,-997.850000
163,Exit short,2025-01-09 14:15,3239.830000,7,253.190000,1.1000,473.620000,356.160000,-1481.930000
163,Entry short,2025-01-09 08:15,3276.000000,7,253.190000,1.1000,473.620000,356.160000,-1481.930000
162,Exit long,2025-01-09 08:15,3276.000000,6,-467.040000,-2.3200,186.360000,883.800000,-1735.120000
162,Entry long,2025-01-08 14:15,3353.840000,6,-467.040000,-2.3200,186.360000,883.800000,-1735.120000
161,Exit short,2025-01-08 14:15,3353.840000,5,38.000000,0.2300,199.200000,75.500000,-1268.080000
161,Entry short,2025-01-08 08:15,3361.440000,5,38.000000,0.2300,199.200000,75.500000,-1268.080000
160,Exit long,2025-01-08 08:15,3361.440000,4,-1070.240000,-7.3700,50.520000,1291.960000,-1306.080000
160,Entry long,2025-01-07 14:15,3629.000000,4,-1070.240000,-7.3700,50.520000,1291.960000,-1306.080000
159,Exit short,2025-01-07 14:15,3629.000000,3,99.600000,0.9100,111.600000,48.960000,-235.840000
159,Entry short,2025-01-07 08:15,3662.200000,3,99.600000,0.9100,111.600000,48.960000,-235.840000
158,Exit long,2025-01-07 08:15,3662.200000,2,42.440000,0.5800,206.600000,40.480000,-335.440000
158,Entry long,2025-01-06 14:15,3640.980000,2,42.440000,0.5800,206.600000,40.480000,-335.440000
157,Exit short,2025-01-06 14:15,3640.980000,1,13.850000,0.3800,31.830000,8.250000,-377.880000
157,Entry short,2025-01-06 08:15,3654.830000,1,13.850000,0.3800,31.830000,8.250000,-377.880000
156,Exit long,2025-01-06 00:15,3638.620000,14,437.080000,0.8700,684.460000,213.640000,-391.730000
156,Entry long,2025-01-05 14:15,3607.400000,14,437.080000,0.8700,684.460000,213.640000,-391.730000
155,Exit short,2025-01-05 14:15,3607.400000,13,123.760000,0.2600,192.920000,126.620000,-828.810000
155,Entry short,2025-01-05 08:15,3616.920000,13,123.760000,0.2600,192.920000,126.620000,-828.810000
154,Exit long,2025-01-05 08:15,3616.920000,12,-216.360000,-0.5000,477.120000,544.920000,-952.570000
154,Entry long,2025-01-04 14:15,3634.950000,12,-216.360000,-0.5000,477.120000,544.920000,-952.570000
153,Exit short,2025-01-04 14:15,3634.950000,11,-356.510000,-0.9000,350.680000,510.950000,-736.210000
153,Entry short,2025-01-04 08:15,3602.540000,11,-356.510000,-0.9000,350.680000,510.950000,-736.210000
152,Exit long,2025-01-04 08:15,3602.540000,10,1081.600000,3.1000,1356.200000,0.300000,-379.700000
152,Entry long,2025-01-03 14:15,3494.380000,10,1081.600000,3.1000,1356.200000,0.300000,-379.700000
151,Exit short,2025-01-03 14:15,3494.380000,9,-543.780000,-1.7600,111.600000,584.730000,-1461.300000
151,Entry short,2025-01-03 08:15,3433.960000,9,-543.780000,-1.7600,111.600000,584.730000,-1461.300000
150,Exit long,2025-01-03 08:15,3433.960000,8,-195.120000,-0.7100,422.320000,306.800000,-917.520000
150,Entry long,2025-01-02 14:15,3458.350000,8,-195.120000,-0.7100,422.320000,306.800000,-917.520000
149,Exit short,2025-01-02 14:15,3458.350000,7,-181.720000,-0.7600,127.470000,365.050000,-722.400000
149,Entry short,2025-01-02 08:15,3432.390000,7,-181.720000,-0.7600,127.470000,365.050000,-722.400000
148,Exit long,2025-01-02 08:15,3432.390000,6,510.480000,2.5400,515.520000,157.200000,-540.680000
148,Entry long,2025-01-01 14:15,3347.310000,6,510.480000,2.5400,515.520000,157.200000,-540.680000
147,Exit short,2025-01-01 14:15,3347.310000,5,-4.600000,-0.0300,168.850000,63.500000,-1051.160000
147,Entry short,2025-01-01 08:15,3346.390000,5,-4.600000,-0.0300,168.850000,63.500000,-1051.160000
146,Exit long,2025-01-01 08:15,3346.390000,4,-355.800000,-2.5900,66.640000,433.080000,-1046.560000
146,Entry long,2024-12-31 14:15,3435.340000,4,-355.800000,-2.5900,66.640000,433.080000,-1046.560000
145,Exit short,2024-12-31 14:15,3435.340000,3,-237.630000,-2.3600,3.330000,258.930000,-690.760000
145,Entry short,2024-12-31 08:15,3356.130000,3,-237.630000,-2.3600,3.330000,258.930000,-690.760000
144,Exit long,2024-12-31 08:15,3356.130000,2,23.120000,0.3500,149.540000,84.740000,-453.130000
144,Entry long,2024-12-30 14:15,3344.570000,2,23.120000,0.3500,149.540000,84.740000,-453.130000
143,Exit short,2024-12-30 14:15,3344.570000,1,76.710000,2.2400,92.610000,8.620000,-476.250000
143,Entry short,2024-12-30 08:15,3421.280000,1,76.710000,2.2400,92.610000,8.620000,-476.250000
142,Exit long,2024-12-30 00:15,3368.600000,14,-439.740000,-0.9200,1.960000,1055.320000,-552.960000
142,Entry long,2024-12-29 14:15,3400.010000,14,-439.740000,-0.9200,1.960000,1055.320000,-552.960000
141,Exit short,2024-12-29 14:15,3400.010000,13,-0.390000,-0.0000,186.810000,169.260000,-113.220000
141,Entry short,2024-12-29 08:15,3399.980000,13,-0.390000,-0.0000,186.810000,169.260000,-113.220000
140,Exit long,2024-12-29 08:15,3399.980000,12,239.880000,0.5900,570.120000,212.760000,-112.830000
140,Entry long,2024-12-28 14:15,3379.990000,12,239.880000,0.5900,570.120000,212.760000,-112.830000
139,Exit short,2024-12-28 14:15,3379.990000,11,-455.620000,-1.2400,75.240000,490.710000,-352.710000
139,Entry short,2024-12-28 08:15,3338.570000,11,-455.620000,-1.2400,75.240000,490.710000,-352.710000
138,Exit long,2024-12-28 08:15,3338.570000,10,-390.000000,-1.1500,147.900000,715.700000,102.910000
138,Entry long,2024-12-27 14:15,3377.570000,10,-390.000000,-1.1500,147.900000,715.700000,102.910000
137,Exit short,2024-12-27 14:15,3377.570000,9,-239.670000,-0.7900,20.160000,837.540000,492.910000
137,Entry short,2024-12-27 08:15,3350.940000,9,-239.670000,-0.7900,20.160000,837.540000,492.910000
136,Exit long,2024-12-27 08:15,3350.940000,8,-161.440000,-0.6000,214.400000,547.120000,732.580000
136,Entry long,2024-12-26 14:15,3371.120000,8,-161.440000,-0.6000,214.400000,547.120000,732.580000
135,Exit short,2024-12-26 14:15,3371.120000,7,87.850000,0.3700,340.620000,51.590000,894.020000
135,Entry short,2024-12-26 08:15,3383.670000,7,87.850000,0.3700,340.620000,51.590000,894.020000
134,Exit long,2024-12-26 08:15,3383.670000,6,-622.260000,-2.9700,161.640000,629.400000,806.170000
134,Entry long,2024-12-25 14:15,3487.380000,6,-622.260000,-2.9700,161.640000,629.400000,806.170000
133,Exit short,2024-12-25 14:15,3487.380000,5,6.550000,0.0400,168.050000,291.600000,1428.430000
133,Entry short,2024-12-25 08:15,3488.690000,5,6.550000,0.0400,168.050000,291.600000,1428.430000
132,Exit long,2024-12-25 08:15,3488.690000,4,179.840000,1.3100,382.680000,60.920000,1421.880000
132,Entry long,2024-12-24 14:15,3443.730000,4,179.840000,1.3100,382.680000,60.920000,1421.880000
131,Exit short,2024-12-24 14:15,3443.730000,3,-139.260000,-1.3700,39.840000,175.800000,1242.040000
131,Entry short,2024-12-24 08:15,3397.310000,3,-139.260000,-1.3700,39.840000,175.800000,1242.040000
130,Exit long,2024-12-24 08:15,3397.310000,2,118.140000,1.7700,255.020000,142.400000,1381.300000
130,Entry long,2024-12-23 14:15,3338.240000,2,118.140000,1.7700,255.020000,142.400000,1381.300000
129,Exit short,2024-12-23 14:15,3338.240000,1,-32.380000,-0.9800,13.970000,54.120000,1263.160000
129,Entry short,2024-12-23 08:15,3305.860000,1,-32.380000,-0.9800,13.970000,54.120000,1263.160000
128,Exit long,2024-12-23 00:15,3274.190000,14,-1156.260000,-2.4600,15.960000,1920.660000,1295.540000
128,Entry long,2024-12-22 14:15,3356.780000,14,-1156.260000,-2.4600,15.960000,1920.660000,1295.540000
127,Exit short,2024-12-22 14:15,3356.780000,13,-108.290000,-0.2500,57.330000,697.190000,2451.800000
127,Entry short,2024-12-22 08:15,3348.450000,13,-108.290000,-0.2500,57.330000,697.190000,2451.800000
126,Exit long,2024-12-22 08:15,3348.450000,12,-733.440000,-1.7900,89.040000,1422.480000,2560.090000
126,Entry long,2024-12-21 14:15,3409.570000,12,-733.440000,-1.7900,89.040000,1422.480000,2560.090000
125,Exit short,2024-12-21 14:15,3409.570000,11,1179.640000,3.0500,1898.820000,17.820000,3293.530000
125,Entry short,2024-12-21 08:15,3516.810000,11,1179.640000,3.0500,1898.820000,17.820000,3293.530000
124,Exit long,2024-12-21 08:15,3516.810000,10,2161.700000,6.5500,2531.200000,85.600000,2113.890000
124,Entry long,2024-12-20 14:15,3300.640000,10,2161.700000,6.5500,2531.200000,85.600000,2113.890000
123,Exit short,2024-12-20 14:15,3300.640000,9,423.810000,1.4100,2229.570000,33.030000,-47.810000
123,Entry short,2024-12-20 08:15,3347.730000,9,423.810000,1.4100,2229.570000,33.030000,-47.810000
122,Exit long,2024-12-20 08:15,3347.730000,8,-2736.480000,-9.2700,81.680000,2940.720000,-471.620000
122,Entry long,2024-12-19 14:15,3689.790000,8,-2736.480000,-9.2700,81.680000,2940.720000,-471.620000
121,Exit short,2024-12-19 14:15,3689.790000,7,-109.760000,-0.4300,79.240000,310.520000,2264.860000
121,Entry short,2024-12-19 08:15,3674.110000,7,-109.760000,-0.4300,79.240000,310.520000,2264.860000
120,Exit long,2024-12-19 08:15,3674.110000,6,-1100.880000,-4.7600,302.460000,1905.540000,2374.620000
120,Entry long,2024-12-18 14:15,3857.590000,6,-1100.880000,-4.7600,302.460000,1905.540000,2374.620000
119,Exit short,2024-12-18 14:15,3857.590000,5,-14.450000,-0.0700,71.700000,175.600000,3475.500000
119,Entry short,2024-12-18 08:15,3854.700000,5,-14.450000,-0.0700,71.700000,175.600000,3475.500000
118,Exit long,2024-12-18 08:15,3854.700000,4,-592.400000,-3.7000,87.600000,801.800000,3489.950000
118,Entry long,2024-12-17 14:15,4002.800000,4,-592.400000,-3.7000,87.600000,801.800000,3489.950000
117,Exit short,2024-12-17 14:15,4002.800000,3,8.640000,0.0700,62.010000,75.750000,4082.350000
117,Entry short,2024-12-17 08:15,4005.680000,3,8.640000,0.0700,62.010000,75.750000,4082.350000
116,Exit long,2024-12-17 08:15,4005.680000,2,194.580000,2.4900,403.200000,17.580000,4073.710000
116,Entry long,2024-12-16 14:15,3908.390000,2,194.580000,2.4900,403.200000,17.580000,4073.710000
115,Exit short,2024-12-16 14:15,3908.390000,1,49.300000,1.2500,75.470000,12.300000,3879.130000
115,Entry short,2024-12-16 08:15,3957.690000,1,49.300000,1.2500,75.470000,12.300000,3879.130000
114,Exit long,2024-12-16 00:15,3956.300000,14,949.620000,1.7400,1192.800000,647.780000,3829.830000
114,Entry long,2024-12-15 14:15,3888.470000,14,949.620000,1.7400,1192.800000,647.780000,3829.830000
113,Exit short,2024-12-15 14:15,3888.470000,13,-564.980000,-1.1300,46.930000,608.140000,2880.210000
113,Entry short,2024-12-15 08:15,3845.010000,13,-564.980000,-1.1300,46.930000,608.140000,2880.210000
112,Exit long,2024-12-15 08:15,3845.010000,12,-372.720000,-0.8000,441.600000,644.400000,3445.190000
112,Entry long,2024-12-14 14:15,3876.070000,12,-372.720000,-0.8000,441.600000,644.400000,3445.190000
111,Exit short,2024-12-14 14:15,3876.070000,11,456.830000,1.0600,796.620000,144.540000,3817.910000
111,Entry short,2024-12-14 08:15,3917.600000,11,456.830000,1.0600,796.620000,144.540000,3817.910000
110,Exit long,2024-12-14 08:15,3917.600000,10,-138.600000,-0.3500,365.000000,541.200000,3361.080000
110,Entry long,2024-12-13 14:15,3931.460000,10,-138.600000,-0.3500,365.000000,541.200000,3361.080000
109,Exit short,2024-12-13 14:15,3931.460000,9,-405.000000,-1.1600,140.490000,450.630000,3499.680000
109,Entry short,2024-12-13 08:15,3886.460000,9,-405.000000,-1.1600,140.490000,450.630000,3499.680000
108,Exit long,2024-12-13 08:15,3886.460000,8,-482.240000,-1.5300,321.600000,893.920000,3904.680000
108,Entry long,2024-12-12 14:15,3946.740000,8,-482.240000,-1.5300,321.600000,893.920000,3904.680000
107,Exit short,2024-12-12 14:15,3946.740000,7,-290.710000,-1.0600,104.720000,517.090000,4386.920000
107,Entry short,2024-12-12 08:15,3905.210000,7,-290.710000,-1.0600,104.720000,517.090000,4386.920000
106,Exit long,2024-12-12 08:15,3905.210000,6,1057.680000,4.7300,1312.140000,82.320000,4677.630000
106,Entry long,2024-12-11 14:15,3728.930000,6,1057.680000,4.7300,1312.140000,82.320000,4677.630000
105,Exit short,2024-12-11 14:15,3728.930000,5,-280.100000,-1.5300,15.650000,380.450000,3619.950000
105,Entry short,2024-12-11 08:15,3672.910000,5,-280.100000,-1.5300,15.650000,380.450000,3619.950000
104,Exit long,2024-12-11 08:15,3672.910000,4,-151.160000,-1.0200,87.080000,791.960000,3900.050000
104,Entry long,2024-12-10 14:15,3710.700000,4,-151.160000,-1.0200,87.080000,791.960000,3900.050000
103,Exit short,2024-12-10 14:15,3710.700000,3,27.510000,0.2500,165.780000,162.390000,4051.210000
103,Entry short,2024-12-10 08:15,3719.870000,3,27.510000,0.2500,165.780000,162.390000,4051.210000
102,Exit long,2024-12-10 08:15,3719.870000,2,-348.740000,-4.4800,107.000000,838.480000,4023.700000
102,Entry long,2024-12-09 14:15,3894.240000,2,-348.740000,-4.4800,107.000000,838.480000,4023.700000
101,Exit short,2024-12-09 14:15,3894.240000,1,26.030000,0.6600,81.540000,0.730000,4372.440000
101,Entry short,2024-12-09 08:15,3920.270000,1,26.030000,0.6600,81.540000,0.730000,4372.440000
100,Exit long,2024-12-09 00:15,4003.620000,14,136.920000,0.2400,360.220000,501.060000,4346.410000
100,Entry long,2024-12-08 14:15,3993.840000,14,136.920000,0.2400,360.220000,501.060000,4346.410000
99,Exit short,2024-12-08 14:15,3993.840000,13,-328.120000,-0.6400,553.800000,498.940000,4209.490000
99,Entry short,2024-12-08 08:15,3968.600000,13,-328.120000,-0.6400,553.800000,498.940000,4209.490000
98,Exit long,2024-12-08 08:15,3968.600000,12,-192.840000,-0.4000,528.240000,284.880000,4537.610000
98,Entry long,2024-12-07 14:15,3984.670000,12,-192.840000,-0.4000,528.240000,284.880000,4537.610000
97,Exit short,2024-12-07 14:15,3984.670000,11,78.540000,0.1800,170.720000,227.590000,4730.450000
97,Entry short,2024-12-07 08:15,3991.810000,11,78.540000,0.1800,170.720000,227.590000,4730.450000
96,Exit long,2024-12-07 08:15,3991.810000,10,1040.300000,2.6800,2050.500000,97.300000,4651.910000
96,Entry long,2024-12-06 14:15,3887.780000,10,1040.300000,2.6800,2050.500000,97.300000,4651.910000
95,Exit short,2024-12-06 14:15,3887.780000,9,136.980000,0.3900,608.760000,92.970000,3611.610000
95,Entry short,2024-12-06 08:15,3903.000000,9,136.980000,0.3900,608.760000,92.970000,3611.610000
94,Exit long,2024-12-06 08:15,3903.000000,8,-212.400000,-0.6800,243.600000,2516.400000,3474.630000
94,Entry long,2024-12-05 14:15,3929.550000,8,-212.400000,-0.6800,243.600000,2516.400000,3474.630000
93,Exit short,2024-12-05 14:15,3929.550000,7,-291.060000,-1.0700,20.790000,420.210000,3687.030000
93,Entry short,2024-12-05 08:15,3887.970000,7,-291.060000,-1.0700,20.790000,420.210000,3687.030000
92,Exit long,2024-12-05 08:15,3887.970000,6,1117.140000,5.0300,1261.320000,30.540000,3978.090000
92,Entry long,2024-12-04 14:15,3701.780000,6,1117.140000,5.0300,1261.320000,30.540000,3978.090000
91,Exit short,2024-12-04 14:15,3701.780000,5,34.250000,0.1800,90.850000,227.100000,2860.950000
91,Entry short,2024-12-04 08:15,3708.630000,5,34.250000,0.1800,90.850000,227.100000,2860.950000
90,Exit long,2024-12-04 08:15,3708.630000,4,580.680000,4.0700,645.240000,245.800000,2826.700000
90,Entry long,2024-12-03 14:15,3563.460000,4,580.680000,4.0700,645.240000,245.800000,2826.700000
89,Exit short,2024-12-03 14:15,3563.460000,3,195.360000,1.7900,265.740000,10.260000,2246.020000
89,Entry short,2024-12-03 08:15,3628.580000,3,195.360000,1.7900,265.740000,10.260000,2246.020000
88,Exit long,2024-12-03 08:15,3628.580000,2,3.500000,0.0500,115.560000,138.440000,2050.660000
88,Entry long,2024-12-02 14:15,3626.830000,2,3.500000,0.0500,115.560000,138.440000,2050.660000
87,Exit short,2024-12-02 14:15,3626.830000,1,37.770000,1.0300,92.250000,3.810000,2047.160000
87,Entry short,2024-12-02 08:15,3664.600000,1,37.770000,1.0300,92.250000,3.810000,2047.160000
86,Exit long,2024-12-02 00:15,3713.640000,14,50.960000,0.1000,569.380000,404.460000,2009.390000
86,Entry long,2024-12-01 14:15,3710.000000,14,50.960000,0.1000,569.380000,404.460000,2009.390000
85,Exit short,2024-12-01 14:15,3710.000000,13,68.380000,0.1400,492.440000,61.620000,1958.430000
85,Entry short,2024-12-01 08:15,3715.260000,13,68.380000,0.1400,492.440000,61.620000,1958.430000
84,Exit long,2024-12-01 08:15,3715.260000,12,387.240000,0.8800,710.280000,347.880000,1890.050000
84,Entry long,2024-11-30 14:15,3682.990000,12,387.240000,0.8800,710.280000,347.880000,1890.050000
83,Exit short,2024-11-30 14:15,3682.990000,11,330.440000,0.8100,913.770000,41.250000,1502.810000
83,Entry short,2024-11-30 08:15,3713.030000,11,330.440000,0.8100,913.770000,41.250000,1502.810000
82,Exit long,2024-11-30 08:15,3713.030000,10,1060.100000,2.9400,1229.800000,457.500000,1172.370000
82,Entry long,2024-11-29 14:15,3607.020000,10,1060.100000,2.9400,1229.800000,457.500000,1172.370000
81,Exit short,2024-11-29 14:15,3607.020000,9,-423.270000,-1.3200,8.550000,554.670000,112.270000
81,Entry short,2024-11-29 08:15,3559.990000,9,-423.270000,-1.3200,8.550000,554.670000,112.270000
80,Exit long,2024-11-29 08:15,3559.990000,8,-234.240000,-0.8200,125.840000,466.160000,535.540000
80,Entry long,2024-11-28 14:15,3589.270000,8,-234.240000,-0.8200,125.840000,466.160000,535.540000
79,Exit short,2024-11-28 14:15,3589.270000,7,-3.570000,-0.0100,65.870000,388.780000,769.780000
79,Entry short,2024-11-28 08:15,3588.760000,7,-3.570000,-0.0100,65.870000,388.780000,769.780000
78,Exit long,2024-11-28 08:15,3588.760000,6,646.560000,3.1000,1242.000000,31.320000,773.350000
78,Entry long,2024-11-27 14:15,3481.000000,6,646.560000,3.1000,1242.000000,31.320000,773.350000
77,Exit short,2024-11-27 14:15,3481.000000,5,-262.950000,-1.5300,121.250000,399.700000,126.790000
77,Entry short,2024-11-27 08:15,3428.410000,5,-262.950000,-1.5300,121.250000,399.700000,126.790000
76,Exit long,2024-11-27 08:15,3428.410000,4,462.360000,3.4900,542.440000,234.520000,389.740000
76,Entry long,2024-11-26 14:15,3312.820000,4,462.360000,3.4900,542.440000,234.520000,389.740000
75,Exit short,2024-11-26 14:15,3312.820000,3,208.230000,2.0500,300.690000,34.170000,-72.620000
75,Entry short,2024-11-26 08:15,3382.230000,3,208.230000,2.0500,300.690000,34.170000,-72.620000
74,Exit long,2024-11-26 08:15,3382.230000,2,-263.520000,-3.7500,71.840000,325.980000,-280.850000
74,Entry long,2024-11-25 14:15,3513.990000,2,-263.520000,-3.7500,71.840000,325.980000,-280.850000
73,Exit short,2024-11-25 14:15,3513.990000,1,-103.500000,-3.0300,9.490000,121.440000,-17.330000
73,Entry short,2024-11-25 08:15,3410.490000,1,-103.500000,-3.0300,9.490000,121.440000,-17.330000
72,Exit long,2024-11-25 00:15,3354.340000,14,872.620000,1.8900,1147.860000,81.060000,86.170000
72,Entry long,2024-11-24 14:15,3292.010000,14,872.620000,1.8900,1147.860000,81.060000,86.170000
71,Exit short,2024-11-24 14:15,3292.010000,13,1765.010000,3.9600,1888.900000,49.920000,-786.450000
71,Entry short,2024-11-24 08:15,3427.780000,13,1765.010000,3.9600,1888.900000,49.920000,-786.450000
70,Exit long,2024-11-24 08:15,3427.780000,12,-356.160000,-0.8600,497.760000,917.520000,-2551.460000
70,Entry long,2024-11-23 14:15,3457.460000,12,-356.160000,-0.8600,497.760000,917.520000,-2551.460000
69,Exit short,2024-11-23 14:15,3457.460000,11,-1239.370000,-3.3700,27.280000,1397.440000,-2195.300000
69,Entry short,2024-11-23 08:15,3344.790000,11,-1239.370000,-3.3700,27.280000,1397.440000,-2195.300000
68,Exit long,2024-11-23 08:15,3344.790000,10,377.600000,1.1400,614.500000,404.200000,-955.930000
68,Entry long,2024-11-22 14:15,3307.030000,10,377.600000,1.1400,614.500000,404.200000,-955.930000
67,Exit short,2024-11-22 14:15,3307.030000,9,649.710000,2.1400,1069.200000,70.560000,-1333.530000
67,Entry short,2024-11-22 08:15,3379.220000,9,649.710000,2.1400,1069.200000,70.560000,-1333.530000
66,Exit long,2024-11-22 08:15,3379.220000,8,78.560000,0.2900,484.720000,1041.760000,-1983.240000
66,Entry long,2024-11-21 14:15,3369.400000,8,78.560000,0.2900,484.720000,1041.760000,-1983.240000
65,Exit short,2024-11-21 14:15,3369.400000,7,-1600.410000,-7.2800,144.410000,1639.050000,-2061.800000
65,Entry short,2024-11-21 08:15,3140.770000,7,-1600.410000,-7.2800,144.410000,1639.050000,-2061.800000
64,Exit long,2024-11-21 08:15,3140.770000,6,-64.920000,-0.3400,48.660000,726.540000,-461.390000
64,Entry long,2024-11-20 14:15,3151.590000,6,-64.920000,-0.3400,48.660000,726.540000,-461.390000
63,Exit short,2024-11-20 14:15,3151.590000,5,-188.000000,-1.2100,153.750000,241.300000,-396.470000
63,Entry short,2024-11-20 08:15,3113.990000,5,-188.000000,-1.2100,153.750000,241.300000,-396.470000
62,Exit long,2024-11-20 08:15,3113.990000,4,53.200000,0.4300,189.240000,137.160000,-208.470000
62,Entry long,2024-11-19 14:15,3100.690000,4,53.200000,0.4300,189.240000,137.160000,-208.470000
61,Exit short,2024-11-19 14:15,3100.690000,3,67.620000,0.7200,138.840000,87.900000,-261.670000
61,Entry short,2024-11-19 08:15,3123.230000,3,67.620000,0.7200,138.840000,87.900000,-261.670000
60,Exit long,2024-11-19 08:15,3123.230000,2,62.460000,1.0100,272.000000,34.880000,-329.290000
60,Entry long,2024-11-18 14:15,3092.000000,2,62.460000,1.0100,272.000000,34.880000,-329.290000
59,Exit short,2024-11-18 14:15,3092.000000,1,49.480000,1.5800,89.980000,2.070000,-391.750000
59,Entry short,2024-11-18 08:15,3141.480000,1,49.480000,1.5800,89.980000,2.070000,-391.750000
58,Exit long,2024-11-18 00:15,3083.610000,14,-283.500000,-0.6500,194.740000,846.720000,-441.230000
58,Entry long,2024-11-17 14:15,3103.860000,14,-283.500000,-0.6500,194.740000,846.720000,-441.230000
57,Exit short,2024-11-17 14:15,3103.860000,13,610.610000,1.4900,933.790000,181.610000,-157.730000
57,Entry short,2024-11-17 08:15,3150.830000,13,610.610000,1.4900,933.790000,181.610000,-157.730000
56,Exit long,2024-11-17 08:15,3150.830000,12,-232.440000,-0.6100,199.320000,1622.400000,-768.340000
56,Entry long,2024-11-16 14:15,3170.200000,12,-232.440000,-0.6100,199.320000,1622.400000,-768.340000
55,Exit short,2024-11-16 14:15,3170.200000,11,-681.560000,-1.9900,35.090000,1258.950000,-535.900000
55,Entry short,2024-11-16 08:15,3108.240000,11,-681.560000,-1.9900,35.090000,1258.950000,-535.900000
54,Exit long,2024-11-16 08:15,3108.240000,10,172.000000,0.5600,761.600000,745.400000,145.660000
54,Entry long,2024-11-15 14:15,3091.040000,10,172.000000,0.5600,761.600000,745.400000,145.660000
53,Exit short,2024-11-15 14:15,3091.040000,9,-549.090000,-2.0100,0.090000,932.850000,-26.340000
53,Entry short,2024-11-15 08:15,3030.030000,9,-549.090000,-2.0100,0.090000,932.850000,-26.340000
52,Exit long,2024-11-15 08:15,3030.030000,8,-1207.680000,-4.7500,130.320000,1319.040000,522.750000
52,Entry long,2024-11-14 14:15,3180.990000,8,-1207.680000,-4.7500,130.320000,1319.040000,522.750000
51,Exit short,2024-11-14 14:15,3180.990000,7,329.980000,1.4600,504.910000,33.880000,1730.430000
51,Entry short,2024-11-14 08:15,3228.130000,7,329.980000,1.4600,504.910000,33.880000,1730.430000
50,Exit long,2024-11-14 08:15,3228.130000,6,0.720000,0.0000,641.940000,648.060000,1400.450000
50,Entry long,2024-11-13 14:15,3228.010000,6,0.720000,0.0000,641.940000,648.060000,1400.450000
49,Exit short,2024-11-13 14:15,3228.010000,5,-374.350000,-2.3700,44.850000,466.250000,1399.730000
49,Entry short,2024-11-13 08:15,3153.140000,5,-374.350000,-2.3700,44.850000,466.250000,1399.730000
48,Exit long,2024-11-13 08:15,3153.140000,4,-415.160000,-3.1900,201.200000,547.720000,1774.080000
48,Entry long,2024-11-12 14:15,3256.930000,4,-415.160000,-3.1900,201.200000,547.720000,1774.080000
47,Exit short,2024-11-12 14:15,3256.930000,3,332.220000,3.2900,468.390000,243.990000,2189.240000
47,Entry short,2024-11-12 08:15,3367.670000,3,332.220000,3.2900,468.390000,243.990000,2189.240000
46,Exit long,2024-11-12 08:15,3367.670000,2,423.340000,6.7100,486.640000,19.840000,1857.020000
46,Entry long,2024-11-11 14:15,3156.000000,2,423.340000,6.7100,486.640000,19.840000,1857.020000
45,Exit short,2024-11-11 14:15,3156.000000,1,-9.490000,-0.3000,13.150000,68.180000,1433.680000
45,Entry short,2024-11-11 08:15,3146.510000,1,-9.490000,-0.3000,13.150000,68.180000,1433.680000
44,Exit long,2024-11-11 00:15,3185.800000,14,-304.360000,-0.6800,626.360000,1871.520000,1443.170000
44,Entry long,2024-11-10 14:15,3207.540000,14,-304.360000,-0.6800,626.360000,1871.520000,1443.170000
43,Exit short,2024-11-10 14:15,3207.540000,13,-251.420000,-0.6100,262.600000,686.400000,1747.530000
43,Entry short,2024-11-10 08:15,3188.200000,13,-251.420000,-0.6100,262.600000,686.400000,1747.530000
42,Exit long,2024-11-10 08:15,3188.200000,12,1740.120000,4.7700,2121.720000,638.160000,1998.950000
42,Entry long,2024-11-09 14:15,3043.190000,12,1740.120000,4.7700,2121.720000,638.160000,1998.950000
41,Exit short,2024-11-09 14:15,3043.190000,11,-174.240000,-0.5200,50.930000,321.640000,258.830000
41,Entry short,2024-11-09 08:15,3027.350000,11,-174.240000,-0.5200,50.930000,321.640000,258.830000
40,Exit long,2024-11-09 08:15,3027.350000,10,847.500000,2.8800,1173.100000,525.600000,433.070000
40,Entry long,2024-11-08 14:15,2942.600000,10,847.500000,2.8800,1173.100000,525.600000,433.070000
39,Exit short,2024-11-08 14:15,2942.600000,9,-394.110000,-1.5100,41.940000,532.710000,-414.430000
39,Entry short,2024-11-08 08:15,2898.810000,9,-394.110000,-1.5100,41.940000,532.710000,-414.430000
38,Exit long,2024-11-08 08:15,2898.810000,8,734.400000,3.2700,1199.840000,277.040000,-20.320000
38,Entry long,2024-11-07 14:15,2807.010000,8,734.400000,3.2700,1199.840000,277.040000,-20.320000
37,Exit short,2024-11-07 14:15,2807.010000,7,126.000000,0.6400,247.800000,43.120000,-754.720000
37,Entry short,2024-11-07 08:15,2825.010000,7,126.000000,0.6400,247.800000,43.120000,-754.720000
36,Exit long,2024-11-07 08:15,2825.010000,6,1228.020000,7.8100,1573.320000,73.260000,-880.720000
36,Entry long,2024-11-06 14:15,2620.340000,6,1228.020000,7.8100,1573.320000,73.260000,-880.720000
35,Exit short,2024-11-06 14:15,2620.340000,5,-94.550000,-0.7300,145.150000,242.850000,-2108.740000
35,Entry short,2024-11-06 08:15,2601.430000,5,-94.550000,-0.7300,145.150000,242.850000,-2108.740000
34,Exit long,2024-11-06 08:15,2601.430000,4,629.280000,6.4400,802.640000,175.520000,-2014.190000
34,Entry long,2024-11-05 14:15,2444.110000,4,629.280000,6.4400,802.640000,175.520000,-2014.190000
33,Exit short,2024-11-05 14:15,2444.110000,3,-20.370000,-0.2800,24.420000,30.720000,-2643.470000
33,Entry short,2024-11-05 08:15,2437.320000,3,-20.370000,-0.2800,24.420000,30.720000,-2643.470000
32,Exit long,2024-11-05 08:15,2437.320000,2,-43.240000,-0.8800,10.620000,205.880000,-2623.100000
32,Entry long,2024-11-04 14:15,2458.940000,2,-43.240000,-0.8800,10.620000,205.880000,-2623.100000
31,Exit short,2024-11-04 14:15,2458.940000,1,4.320000,0.1800,16.910000,22.290000,-2579.860000
31,Entry short,2024-11-04 08:15,2463.260000,1,4.320000,0.1800,16.910000,22.290000,-2579.860000
30,Exit long,2024-11-04 00:15,2453.790000,14,243.460000,0.7100,540.400000,364.700000,-2584.180000
30,Entry long,2024-11-03 14:15,2436.400000,14,243.460000,0.7100,540.400000,364.700000,-2584.180000
29,Exit short,2024-11-03 14:15,2436.400000,13,155.220000,0.4900,302.770000,189.410000,-2827.640000
29,Entry short,2024-11-03 08:15,2448.340000,13,155.220000,0.4900,302.770000,189.410000,-2827.640000
28,Exit long,2024-11-03 08:15,2448.340000,12,-407.280000,-1.3700,182.520000,739.800000,-2982.860000
28,Entry long,2024-11-02 14:15,2482.280000,12,-407.280000,-1.3700,182.520000,739.800000,-2982.860000
27,Exit short,2024-11-02 14:15,2482.280000,11,234.960000,0.8500,401.940000,28.930000,-2575.580000
27,Entry short,2024-11-02 08:15,2503.640000,11,234.960000,0.8500,401.940000,28.930000,-2575.580000
26,Exit long,2024-11-02 08:15,2503.640000,10,-746.800000,-2.9000,95.400000,968.800000,-2810.540000
26,Entry long,2024-11-01 14:15,2578.320000,10,-746.800000,-2.9000,95.400000,968.800000,-2810.540000
25,Exit short,2024-11-01 14:15,2578.320000,9,-624.420000,-2.7700,137.430000,655.740000,-2063.740000
25,Entry short,2024-11-01 08:15,2508.940000,9,-624.420000,-2.7700,137.430000,655.740000,-2063.740000
24,Exit long,2024-11-01 08:15,2508.940000,8,-560.080000,-2.7100,51.600000,893.200000,-1439.320000
24,Entry long,2024-10-31 14:15,2578.950000,8,-560.080000,-2.7100,51.600000,893.200000,-1439.320000
23,Exit short,2024-10-31 14:15,2578.950000,7,438.550000,2.3700,543.200000,51.800000,-879.240000
23,Entry short,2024-10-31 08:15,2641.600000,7,438.550000,2.3700,543.200000,51.800000,-879.240000
22,Exit long,2024-10-31 08:15,2641.600000,6,-457.440000,-2.8100,18.960000,516.180000,-1317.790000
22,Entry long,2024-10-30 14:15,2717.840000,6,-457.440000,-2.8100,18.960000,516.180000,-1317.790000
21,Exit short,2024-10-30 14:15,2717.840000,5,-193.400000,-1.4400,127.350000,227.450000,-860.350000
21,Entry short,2024-10-30 08:15,2679.160000,5,-193.400000,-1.4400,127.350000,227.450000,-860.350000
20,Exit long,2024-10-30 08:15,2679.160000,4,196.560000,1.8700,225.000000,120.480000,-666.950000
20,Entry long,2024-10-29 14:15,2630.020000,4,196.560000,1.8700,225.000000,120.480000,-666.950000
19,Exit short,2024-10-29 14:15,2630.020000,3,-34.530000,-0.4400,22.740000,79.350000,-863.510000
19,Entry short,2024-10-29 08:15,2618.510000,3,-34.530000,-0.4400,22.740000,79.350000,-863.510000
18,Exit long,2024-10-29 08:15,2618.510000,2,187.460000,3.7100,214.000000,79.560000,-828.980000
18,Entry long,2024-10-28 14:15,2524.780000,2,187.460000,3.7100,214.000000,79.560000,-828.980000
17,Exit short,2024-10-28 14:15,2524.780000,1,-7.450000,-0.3000,13.110000,27.670000,-1016.440000
17,Entry short,2024-10-28 08:15,2517.330000,1,-7.450000,-0.3000,13.110000,27.670000,-1016.440000
16,Exit long,2024-10-28 00:15,2507.300000,14,303.240000,0.8700,582.540000,8.820000,-1008.990000
16,Entry long,2024-10-27 14:15,2485.640000,14,303.240000,0.8700,582.540000,8.820000,-1008.990000
15,Exit short,2024-10-27 14:15,2485.640000,13,-61.750000,-0.1900,234.390000,287.430000,-1312.230000
15,Entry short,2024-10-27 08:15,2480.890000,13,-61.750000,-0.1900,234.390000,287.430000,-1312.230000
14,Exit long,2024-10-27 08:15,2480.890000,12,194.640000,0.6600,509.160000,275.880000,-1250.480000
14,Entry long,2024-10-26 14:15,2464.670000,12,194.640000,0.6600,509.160000,275.880000,-1250.480000
13,Exit short,2024-10-26 14:15,2464.670000,11,53.130000,0.2000,77.770000,97.570000,-1445.120000
13,Entry short,2024-10-26 08:15,2469.500000,11,53.130000,0.2000,77.770000,97.570000,-1445.120000
12,Exit long,2024-10-26 08:15,2469.500000,10,-791.600000,-3.1100,172.800000,1680.300000,-1498.250000
12,Entry long,2024-10-25 14:15,2548.660000,10,-791.600000,-3.1100,172.800000,1680.300000,-1498.250000
11,Exit short,2024-10-25 14:15,2548.660000,9,-584.460000,-2.6100,62.370000,654.300000,-706.650000
11,Entry short,2024-10-25 08:15,2483.720000,9,-584.460000,-2.6100,62.370000,654.300000,-706.650000
10,Exit long,2024-10-25 08:15,2483.720000,8,-319.200000,-1.5800,291.040000,501.120000,-122.190000
10,Entry long,2024-10-24 14:15,2523.620000,8,-319.200000,-1.5800,291.040000,501.120000,-122.190000
9,Exit short,2024-10-24 14:15,2523.620000,7,176.750000,0.9900,288.330000,14.770000,197.010000
9,Entry short,2024-10-24 08:15,2548.870000,7,176.750000,0.9900,288.330000,14.770000,197.010000
8,Exit long,2024-10-24 08:15,2548.870000,6,-126.180000,-0.8200,66.060000,761.340000,20.260000
8,Entry long,2024-10-23 14:15,2569.900000,6,-126.180000,-0.8200,66.060000,761.340000,20.260000
7,Exit short,2024-10-23 14:15,2569.900000,5,166.100000,1.2800,240.600000,3.900000,146.440000
7,Entry short,2024-10-23 08:15,2603.120000,5,166.100000,1.2800,240.600000,3.900000,146.440000
6,Exit long,2024-10-23 08:15,2603.120000,4,-124.960000,-1.1900,36.800000,203.760000,-19.660000
6,Entry long,2024-10-22 14:15,2634.360000,4,-124.960000,-1.1900,36.800000,203.760000,-19.660000
5,Exit short,2024-10-22 14:15,2634.360000,3,38.130000,0.4800,123.210000,2.790000,105.300000
5,Entry short,2024-10-22 08:15,2647.070000,3,38.130000,0.4800,123.210000,2.790000,105.300000
4,Exit long,2024-10-22 08:15,2647.070000,2,-60.540000,-1.1300,15.420000,127.140000,67.170000
4,Entry long,2024-10-21 14:15,2677.340000,2,-60.540000,-1.1300,15.420000,127.140000,67.170000
3,Exit short,2024-10-21 14:15,2677.340000,1,52.250000,1.9100,66.590000,0.000000,127.710000
3,Entry short,2024-10-21 08:15,2729.590000,1,52.250000,1.9100,66.590000,0.000000,127.710000
2,Exit long,2024-10-21 00:15,2750.230000,2,118.040000,2.1900,136.820000,14.240000,75.460000
2,Entry long,2024-10-20 14:15,2691.210000,2,118.040000,2.1900,136.820000,14.240000,75.460000
1,Exit short,2024-10-20 14:15,2691.210000,1,-42.580000,-1.6100,7.960000,48.850000,-42.580000
1,Entry short,2024-10-20 08:15,2648.630000,1,-42.580000,-1.6100,7.960000,48.850000,-42.580000
